lat,long,time,speed
-16.46333,138.7849,16193.8680556,6.4
-16.41066,138.2596,16194.6138889,3.2
-16.409879999999998,138.2579,16194.6152778,3.2
-16.97508,139.9757,16198.584722200001,6.9
-16.972260000000002,139.9758,16198.5854167,6.8
-12.29893,130.7967,16209.6791667,0.0
-12.36283,130.7712,16209.8194444,7.5
-12.4026,130.7616,16209.833333300001,7.7
-12.40831,130.7646,16209.8354167,7.8
-12.40283,130.7666,16209.8402778,5.1
-12.39902,130.7598,16209.8472222,10.2
-12.40218,130.7641,16209.849305599999,8.0
-12.4031,130.7634,16209.8555556,10.3
-12.424339999999999,130.7788,16209.861111100001,11.7
-12.43237,130.7845,16209.8631944,11.8
-12.451830000000001,130.7988,16209.86875,9.5
-12.45861,130.8037,16209.870833300001,10.3
-12.47246,130.8174,16209.8756944,10.0
-12.46172,130.8109,16210.056944400001,11.1
-12.44453,130.7974,16210.0618056,10.2
-12.436630000000001,130.7911,16210.0645833,10.5
-12.42355,130.781,16210.068055599999,10.8
-12.38906,130.7505,16210.0784722,10.8
-12.37785,130.74,16210.0819444,10.8
-12.372689999999999,130.7345,16210.0840278,10.8
-12.35791,130.7154,16210.089583300001,10.1
-12.3539,130.7103,16210.0923611,5.5
-12.34886,130.7014,16210.0972222,3.9
-12.346739999999999,130.6982,16210.099305599999,3.9
-12.34315,130.6925,16210.1034722,4.0
-12.342210000000001,130.6904,16210.1048611,4.1
-12.33807,130.6813,16210.111111100001,4.1
-12.33543,130.6743,16210.1131944,9.6
-12.32966,130.6594,16210.1173611,10.7
-12.32666,130.648,16210.1201389,10.7
-12.324689999999999,130.6286,16210.1243056,10.8
-12.32376,130.6227,16210.1256944,10.7
-12.32281,130.6167,16210.1270833,10.7
-12.32311,130.5971,16210.1319444,10.7
-12.32369,130.5865,16210.134027799999,10.6
-12.32423,130.5682,16210.1381944,10.7
-12.32462,130.5576,16210.1409722,10.7
-12.32438,130.5362,16210.145833300001,10.8
-12.3238,130.5269,16210.1479167,10.8
-12.32349,130.5054,16210.1527778,10.8
-12.32448,130.4966,16210.1548611,10.8
-12.326319999999999,130.4743,16210.1597222,10.3
-12.327639999999999,130.4643,16210.1625,10.7
-12.41832,130.2085,16218.6298611,9.2
-12.33148,130.4104,16218.6881944,9.8
-12.3306,130.4219,16218.6909722,10.1
-12.32905,130.4444,16218.696527799999,10.0
-12.327919999999999,130.4671,16218.7020833,10.0
-12.32734,130.4771,16218.7041667,10.1
-12.32674,130.4974,16218.7090278,10.3
-12.32674,130.5074,16218.7118056,11.0
-12.32704,130.5249,16218.7159722,10.3
-12.3267,130.5352,16218.7180556,10.3
-12.32618,130.5559,16218.722916699999,10.7
-12.32611,130.5648,16218.725,10.6
-12.326310000000001,130.5857,16218.7298611,10.3
-12.32644,130.593,16218.7319444,11.0
-12.32663,130.6154,16218.7368056,11.5
-12.326889999999999,130.6244,16218.7388889,12.3
-12.32726,130.6457,16218.74375,10.8
-12.32819,130.6533,16218.745833300001,10.8
-12.33177,130.6676,16218.7506944,4.5
-12.33266,130.6715,16218.7527778,4.6
-12.34061,130.6854,16218.7583333,12.0
-12.347999999999999,130.6936,16218.760416699999,11.3
-12.3629,130.7097,16218.7652778,11.2
-12.36932,130.7166,16218.767361100001,11.3
-12.382489999999999,130.7322,16218.772222200001,11.3
-12.38888,130.739,16218.7743056,11.0
-12.4038,130.7546,16218.7791667,11.1
-12.41271,130.7637,16218.7819444,11.6
-12.42764,130.7793,16218.7861111,12.2
-12.43262,130.784,16218.7875,12.2
-12.45805,130.8036,16218.7944444,11.8
-12.477030000000001,130.83,16218.802083300001,10.5
-12.47057,130.8246,16219.8354167,7.6
-12.467419999999999,130.8189,16219.8375,7.9
-12.45785,130.8072,16219.8423611,7.7
-12.45307,130.8027,16219.8444444,8.0
-12.44012,130.79399999999998,16219.849305599999,7.8
-12.43668,130.7915,16219.8506944,7.4
-12.43304,130.7865,16219.852777799999,6.3
-12.43246,130.7863,16219.85625,2.8
-12.43047,130.7848,16219.857638899999,6.1
-12.41814,130.7716,16219.8638889,8.3
-12.41427,130.7655,16219.865972200001,8.5
-12.400789999999999,130.7553,16219.870833300001,8.6
-12.394260000000001,130.7502,16219.8729167,8.7
-12.383519999999999,130.7388,16219.8777778,5.1
-12.383989999999999,130.7394,16219.8798611,1.1
-12.384260000000001,130.7391,16219.8826389,2.0
-12.38123,130.7356,16219.8847222,7.0
-12.37331,130.7257,16219.8881944,8.8
-12.36785,130.7189,16219.8909722,9.0
-12.35747,130.7061,16219.8951389,9.0
-12.35287,130.7002,16219.897222200001,8.8
-12.3498,130.6963,16219.8986111,8.8
-12.343010000000001,130.685,16219.9027778,8.5
-12.34021,130.6769,16219.9048611,8.5
-12.339139999999999,130.6626,16219.9090278,8.6
-12.339369999999999,130.6541,16219.911805599999,8.7
-12.33958,130.6366,16219.916666699999,8.8
-12.3396,130.6289,16219.91875,8.8
-12.339839999999999,130.6114,16219.923611100001,9.0
-12.33997,130.6035,16219.9256944,9.2
-12.34027,130.5842,16219.9305556,9.2
-12.34035,130.5763,16219.9326389,9.3
-12.34055,130.5578,16219.9375,9.3
-12.340760000000001,130.5499,16219.9395833,9.3
-12.34097,130.5314,16219.9444444,9.3
-12.34101,130.5261,16219.9458333,9.3
-12.34136,130.5022,16219.9520833,9.5
-12.34147,130.4942,16219.9541667,9.5
-12.34169,130.4764,16219.9590278,9.8
-12.34189,130.4653,16219.9618056,9.8
-11.076410000000001,130.1977,16220.584722200001,7.6
