lat,long,time,speed
31.987990000000003,118.6579,16193.6236111,6.3
32.034729999999996,118.6821,16193.6444444,6.3
32.04893,118.6899,16193.650694400001,6.0
32.058040000000005,118.6951,16193.6548611,5.8
32.086259999999996,118.7157,16193.6673611,6.3
32.09489,118.7243,16193.6715278,6.2
32.09959,118.7288,16193.673611100001,6.2
32.10309,118.7317,16193.677083300001,6.0
32.10805,118.7358,16193.6798611,6.2
32.1212,118.7516,16193.6861111,6.0
32.13859,118.7902,16193.701388899999,6.0
32.14177,118.7955,16193.704861100001,6.1
32.16211,118.8394,16193.7208333,6.4
32.16555,118.8469,16193.7236111,6.4
32.169140000000006,118.8536,16193.7256944,6.5
32.17201,118.859,16193.7284722,6.6
32.17593,118.8672,16193.7305556,6.8
32.17848,118.876,16193.7340278,6.6
32.17971,118.8841,16193.7368056,6.6
32.180009999999996,118.8912,16193.7388889,6.4
32.179790000000004,118.8991,16193.740972200001,6.5
32.17948,118.904,16193.7430556,6.6
32.17863,118.9115,16193.7451389,6.5
32.177659999999996,118.9162,16193.7472222,6.4
32.17647,118.9233,16193.7493056,6.3
32.175259999999994,118.9293,16193.7513889,6.2
32.17413,118.9352,16193.754166699999,6.0
32.17307,118.9409,16193.75625,5.8
32.17188,118.9492,16193.7583333,5.9
32.17132,118.9545,16193.7611111,5.9
32.17088,118.9621,16193.763888899999,6.0
32.17106,118.9699,16193.7659722,6.1
32.17177,118.9776,16193.76875,6.5
32.171820000000004,118.9825,16193.770833300001,6.6
32.172090000000004,118.99,16193.7729167,6.6
32.17369,118.9985,16193.775694400001,6.3
32.17688,119.0087,16193.7791667,6.6
32.17924,119.0141,16193.7819444,6.9
32.18258,119.0205,16193.7840278,7.0
32.18768,119.0287,16193.786805599999,7.1
32.19145,119.0344,16193.7895833,7.3
32.196490000000004,119.0411,16193.791666699999,7.2
32.20178,119.0481,16193.7944444,7.2
32.20709,119.0542,16193.7965278,7.4
32.20292,119.2535,16193.8666667,6.3
32.19638,119.2653,16193.870833300001,6.3
32.19365,119.2714,16193.8729167,6.2
32.18906,119.2864,16193.8784722,6.4
32.188340000000004,119.2954,16193.8819444,6.7
32.191140000000004,119.3365,16193.8951389,7.2
32.19677,119.552,16193.986111100001,5.2
32.19208,119.5579,16193.989583300001,5.3
32.18991,119.5643,16193.9923611,6.1
32.18783,119.5704,16193.9951389,0.0
20.11465,110.0341,16203.2979167,6.3
32.18165,119.5673,16206.2645833,4.2
32.18493,119.5697,16206.2701389,4.1
32.18821,119.5661,16206.2729167,2.8
32.189009999999996,119.5625,16206.275,3.2
32.189009999999996,119.5625,16206.2791667,3.2
32.20523,119.0415,16206.8319444,4.2
32.20105,119.0374,16206.834722200001,4.7
32.196329999999996,119.0307,16206.839583300001,4.2
32.19253,119.0228,16206.8430556,3.6
32.191759999999995,119.0189,16206.8458333,3.4
32.190940000000005,119.0127,16206.847916699999,3.7
32.18992,119.0069,16206.8513889,3.8
32.1891,119.0021,16206.854166699999,4.0
32.18817,118.99700000000001,16206.857638899999,3.9
32.18734,118.9925,16206.8625,3.9
32.18862,118.9726,16206.870833300001,3.9
32.18849,118.969,16206.8743056,4.0
32.18822,118.9617,16206.8763889,3.9
32.18723,118.9562,16206.8784722,4.0
32.18619,118.9516,16206.8819444,4.1
32.18401,118.9441,16206.8868056,4.0
32.18427,118.9095,16206.9076389,4.0
32.18523,118.9044,16206.9111111,3.6
32.17754,118.8569,16206.9347222,2.1
32.174209999999995,118.8502,16206.9444444,3.8
32.16622,118.8331,16206.9527778,3.3
32.151990000000005,118.7975,16206.9763889,0.7
32.13811,118.7661,16207.0166667,3.6
32.13605,118.75399999999999,16207.022222200001,4.7
32.13155,118.7483,16207.027083300001,4.5
32.125659999999996,118.742,16207.0319444,4.9
32.1151,118.7322,16207.036805599999,4.7
32.10924,118.7269,16207.040277799999,4.5
32.10604,118.7248,16207.04375,3.6
32.10349,118.7229,16207.0472222,0.9
32.10328,118.7227,16207.0513889,1.3
32.09767,118.7183,16207.05625,4.2
32.09111,118.7127,16207.0597222,4.2
32.08316,118.7051,16207.066666699999,4.2
32.0759,118.697,16207.072916699999,4.5
32.06837,118.6887,16207.0777778,5.3
32.05529,118.6812,16207.0826389,5.4
32.04569,118.6776,16207.0875,5.1
32.04153,118.6762,16207.0902778,4.9
32.02794,118.6691,16207.099305599999,5.1
20.19739,110.4513,16209.00625,7.2
20.1879,110.4388,16209.0118056,6.9
20.16222,110.3975,16209.027083300001,7.6
20.12398,110.3378,16209.05,7.1
20.10695,110.3083,16215.232638899999,5.4
32.04606,118.6878,16216.6555556,7.4
32.05687,118.694,16216.6597222,6.9
32.06827,118.7009,16216.6645833,7.2
32.07963,118.7089,16216.66875,7.6
32.0842,118.7124,16216.670138899999,7.8
32.092859999999995,118.7208,16216.673611100001,8.0
32.10651,118.7345,16216.6791667,7.2
32.1188,118.7477,16216.6847222,6.9
32.14328,118.7977,16216.7034722,6.9
32.15273,118.8139,16216.7090278,7.4
32.160059999999994,118.8322,16216.714583300001,7.2
32.16279,118.8387,16216.7166667,7.4
32.17315,118.8612,16216.724305599999,7.7
32.17661,118.8685,16216.7263889,7.9
32.17938,118.8776,16216.7284722,7.8
32.18053,118.8844,16216.7305556,7.8
32.18117,118.89200000000001,16216.732638899999,7.5
32.18078,118.9001,16216.7354167,7.5
32.179829999999995,118.9087,16216.7375,7.5
32.17839,118.9166,16216.739583300001,7.7
32.17777,118.9203,16216.7416667,7.6
32.17637,118.9289,16216.7430556,7.7
32.17418,118.9411,16216.7472222,7.4
32.172579999999996,118.9492,16216.7493056,7.2
32.17177,118.956,16216.7513889,7.0
32.17159,118.9645,16216.754166699999,7.0
32.17185,118.9726,16216.75625,7.2
32.1725,118.9793,16216.7583333,7.6
32.17279,118.9858,16216.760416699999,8.1
32.17396,118.9955,16216.7625,8.7
32.17613,119.0036,16216.7645833,8.4
32.17881,119.0116,16216.767361100001,7.9
32.18298,119.0199,16216.7694444,7.8
32.18761,119.0279,16216.772222200001,8.0
32.191720000000004,119.0341,16216.7743056,8.0
32.19619,119.0401,16216.7763889,8.1
32.201190000000004,119.0463,16216.7784722,7.9
32.20557,119.0512,16216.7805556,8.1
32.2005,119.2598,16216.849305599999,6.1
32.19475,119.2705,16216.8534722,6.3
32.18881,119.2917,16216.861111100001,6.1
32.18882,119.3091,16216.8666667,6.6
32.200179999999996,119.55,16216.972916699999,6.3
32.1935,119.5545,16216.9756944,6.0
32.19083,119.5597,16216.977777799999,5.8
32.18931,119.5658,16216.9798611,6.3
32.18761,119.5707,16216.9819444,5.5
32.18439,119.5692,16216.9840278,4.0
32.18091,119.5674,16216.9868056,2.8
20.84701,110.9625,16217.3006944,1.0
20.839370000000002,110.9605,16217.3159722,4.1
