lat,long,time,speed
36.56309,122.6441,16198.3701389,9.0
36.641909999999996,122.5947,16198.3965278,8.7
36.65218,122.5878,16198.3986111,8.9
36.65528,122.5858,16198.400694400001,8.5
36.68731,122.5651,16198.4111111,8.7
36.6935,122.5603,16198.4138889,8.0
36.703590000000005,122.5523,16198.4173611,8.5
36.71633,122.5437,16198.4208333,9.2
36.719590000000004,122.5417,16198.4229167,8.7
36.72906,122.5352,16198.4256944,8.5
36.7322,122.53299999999999,16198.4277778,8.1
36.73948,122.5278,16198.4326389,8.9
36.75728,122.5165,16198.4347222,8.1
36.769709999999996,122.5079,16198.4381944,8.5
36.77067,122.507,16198.4402778,8.7
36.78037,122.5,16198.443055599999,8.5
36.79871,122.4898,16198.4486111,9.2
36.808440000000004,122.4846,16198.4520833,8.5
36.81899,122.4772,16198.4555556,8.5
36.835809999999995,122.4689,16198.459722200001,9.2
36.84653,122.4619,16198.4625,8.9
36.85586,122.4599,16198.4652778,8.1
36.86618,122.458,16198.4694444,8.1
36.8764,122.4595,16198.4736111,8.3
36.89643,122.4236,16199.2972222,0.0
36.897,122.429,16199.3027778,6.7
36.89781,122.4353,16199.3055556,8.2
36.89342,122.4463,16199.3090278,8.1
36.88605,122.4595,16199.3125,8.3
36.8789,122.4677,16199.3145833,8.7
36.85921,122.4937,16199.322916699999,8.0
36.8513,122.50399999999999,16199.3256944,7.8
36.84335,122.512,16199.329861100001,8.1
36.83072,122.5259,16199.3354167,8.3
36.81796,122.5404,16199.3402778,8.5
36.81109,122.5479,16199.3430556,8.5
36.8057,122.5534,16199.3458333,8.3
36.80292,122.556,16199.347916699999,8.3
36.79,122.57,16199.3506944,8.3
36.7857,122.5747,16199.3534722,8.3
36.77562,122.5845,16199.35625,8.5
36.77171,122.5866,16199.3590278,1.3
36.7718,122.5864,16199.3770833,0.0
36.768409999999996,122.5915,16199.384027799999,7.8
36.76477,122.595,16199.3875,8.3
36.21147,123.12700000000001,16199.5951389,8.3
36.18278,123.1533,16199.60625,8.5
36.17317,123.1615,16199.6104167,8.5
36.33068,123.0454,16210.75625,7.8
36.33593,123.0352,16210.7597222,8.3
36.35566,123.0306,16210.770833300001,7.6
36.3772,123.0101,16210.78125,8.3
36.38297,123.0036,16210.7840278,8.5
36.38525,123.0003,16210.786805599999,7.6
36.42011,122.9607,16210.802083300001,7.6
36.43264,122.9473,16210.806944400001,8.1
36.43777,122.9422,16210.8097222,7.8
36.44958,122.9301,16210.8145833,8.1
36.45604,122.9229,16210.8173611,7.8
36.46275,122.916,16210.8201389,7.8
36.48275,122.8952,16210.8284722,7.8
36.496140000000004,122.8809,16210.8340278,7.8
36.517720000000004,122.8579,16210.8430556,8.0
36.6377,122.7262,16210.895833300001,8.1
36.64563,122.7186,16210.8986111,7.8
36.66086,122.7,16210.9048611,8.1
36.673120000000004,122.6814,16210.9111111,8.5
36.68799,122.6657,16210.9173611,8.3
36.70675,122.6468,16210.9243056,8.3
36.7392,122.6113,16210.9375,8.5
36.747370000000004,122.6029,16210.9409722,8.9
36.763529999999996,122.5854,16210.946527799999,8.3
36.77348,122.5738,16210.9506944,8.1
36.79052,122.5473,16210.959722200001,8.1
36.79883,122.5402,16210.963194400001,8.0
36.80665,122.5319,16210.9659722,7.8
36.812979999999996,122.5261,16210.9680556,8.5
36.818490000000004,122.521,16210.9701389,8.5
36.82393,122.5151,16210.972916699999,8.9
36.83034,122.5082,16210.975,9.4
36.849579999999996,122.4783,16210.9833333,9.2
36.86025,122.4699,16210.9875,7.4
36.86564,122.4691,16210.9902778,6.9
36.87164,122.4679,16210.9923611,6.5
36.881409999999995,122.4622,16210.9965278,6.5
36.88463,122.4552,16211.0,6.3
36.890679999999996,122.4478,16211.0034722,4.9
36.8935,122.4426,16211.0076389,4.0
36.89309,122.4396,16211.010416699999,2.4
36.89581,122.4392,16211.0125,3.3
36.896409999999996,122.4357,16211.0145833,2.6
36.89634,122.4329,16211.017361100001,3.6
36.89543,122.4293,16211.0194444,2.2
36.89562,122.4279,16211.022222200001,1.7
36.896390000000004,122.4236,16211.5631944,0.0
36.897040000000004,122.4344,16211.579861100001,6.0
36.89533,122.4402,16211.5819444,6.2
36.889790000000005,122.4477,16211.5854167,6.0
36.88606,122.454,16211.5875,4.7
36.88218,122.4599,16211.5909722,6.3
36.87558,122.4688,16211.59375,6.3
36.870870000000004,122.4764,16211.5965278,7.6
36.86806,122.4829,16211.5986111,7.6
36.86115,122.4969,16211.6034722,8.1
36.852,122.5348,16211.614583300001,8.1
36.849340000000005,122.54799999999999,16211.6173611,9.0
36.84227,122.5612,16211.620833300001,8.1
36.80358,122.6304,16211.6416667,8.1
36.79933,122.6371,16211.64375,7.6
36.792640000000006,122.6464,16211.647222200001,8.5
36.77763,122.67299999999999,16211.6548611,8.3
36.7351,122.7406,16211.677083300001,8.3
36.7297,122.7499,16211.68125,8.5
36.72265,122.7595,16211.683333300001,7.8
36.71386,122.7661,16211.6868056,4.0
36.69222,122.7905,16211.6972222,8.9
36.68933,122.796,16211.6993056,4.4
36.68417,122.8044,16211.7020833,8.9
36.67171,122.8244,16211.7076389,8.9
36.66082,122.8431,16211.713194400001,9.0
36.652190000000004,122.8563,16211.7173611,8.7
36.64651,122.8644,16211.7194444,8.9
36.64278,122.8707,16211.7236111,8.7
36.57304,123.1611,16218.410416699999,1.5
36.58335,123.2564,16218.463194400001,7.6
36.5831,123.2661,16218.4659722,8.1
36.58337,123.2926,16218.4722222,8.5
36.58324,123.2999,16218.8041667,4.7
36.58044,123.2852,16218.8097222,4.9
36.579390000000004,123.2795,16218.8131944,5.1
36.5788,123.2736,16218.8152778,5.3
36.57845,123.2674,16218.818055599999,5.1
36.6156,123.1692,16218.9305556,0.8
36.61955,123.1693,16218.9375,0.0
36.63049,123.1692,16218.9604167,1.1
36.6362,123.1687,16218.972916699999,0.9
36.63166,123.1794,16218.9784722,6.9
36.62464,123.1848,16218.98125,5.1
36.62551,123.1779,16218.9930556,1.8
36.62725,123.1839,16219.017361100001,1.5
36.62723,123.1855,16219.0194444,0.0
36.626999999999995,123.1909,16219.027083300001,1.1
36.626870000000004,123.1928,16219.0291667,2.0
36.62575,123.2024,16219.0409722,2.0
36.62664,123.2042,16219.04375,1.8
36.62421,123.2076,16219.0513889,1.5
36.624829999999996,123.2107,16219.0541667,1.8
36.62498,123.2137,16219.058333300001,1.1
36.62486,123.2172,16219.0631944,1.5
36.62473,123.2197,16219.0659722,2.2
36.623870000000004,123.223,16219.0694444,1.8
36.620290000000004,123.2401,16219.09375,2.4
36.618359999999996,123.2456,16219.1020833,2.2
36.61723,123.2502,16219.1090278,0.0
36.61374,123.257,16219.1215278,2.7
36.61293,123.2628,16219.1298611,2.0
36.61002,123.2645,16219.1347222,0.0
36.60791,123.2735,16219.145833300001,1.5
36.60496,123.2842,16219.1590278,2.0
36.60576,123.2885,16219.1631944,1.8
36.67261,123.291,16219.3875,7.8
36.67499,123.2809,16219.3895833,8.1
36.678779999999996,123.2715,16219.392361100001,7.8
36.68656,123.2495,16219.3986111,8.3
36.68958,123.2423,16219.400694400001,8.1
36.69347,123.2329,16219.4034722,7.8
36.69582,123.2267,16219.4048611,8.1
36.69947,123.2199,16219.4076389,7.8
36.70277,123.2114,16219.4097222,8.3
36.710159999999995,123.1866,16219.416666699999,7.6
36.71181,123.1803,16219.41875,6.7
36.71412,123.1709,16219.4215278,8.1
36.71594,123.1645,16219.423611100001,8.1
36.71997,123.1494,16219.427083300001,7.6
36.724000000000004,123.1357,16219.43125,8.0
36.72691,123.1255,16219.433333300001,7.8
36.731390000000005,123.1094,16219.4381944,7.8
36.73382,123.1009,16219.4402778,7.4
36.735929999999996,123.0923,16219.443055599999,8.1
36.73885,123.0811,16219.4458333,8.0
36.741609999999994,123.07,16219.4493056,7.8
36.74799,123.0463,16219.4555556,7.2
36.75173,123.0382,16219.458333300001,7.8
36.755790000000005,123.0302,16219.4611111,8.1
36.76169,123.0169,16219.4652778,8.3
36.76984,122.9977,16219.4701389,8.0
36.77308,122.98899999999999,16219.4722222,6.9
36.77732,122.9795,16219.475,7.4
36.78125,122.9729,16219.4770833,7.8
36.78374,122.9669,16219.479166699999,8.5
36.78952,122.9526,16219.4833333,7.4
36.79268,122.9427,16219.486111100001,6.5
36.7946,122.9354,16219.4881944,8.7
36.79764,122.9228,16219.4916667,7.2
36.80002,122.9143,16219.49375,8.1
36.80952,122.8815,16219.5034722,7.4
36.81157,122.87299999999999,16219.50625,7.4
36.814809999999994,122.8609,16219.5097222,6.7
36.817820000000005,122.8499,16219.5125,8.1
36.81859,122.8463,16219.5145833,7.4
36.821220000000004,122.8354,16219.5166667,8.1
36.823570000000004,122.82700000000001,16219.51875,7.6
36.82547,122.8189,16219.5215278,6.5
36.828309999999995,122.806,16219.525,6.9
36.83068,122.79299999999999,16219.5291667,6.9
36.83231,122.7822,16219.5326389,7.2
36.83406,122.7677,16219.536805599999,7.1
36.83582,122.7579,16219.5388889,7.1
36.83677,122.7519,16219.5409722,7.6
36.83869,122.741,16219.54375,7.6
36.84039,122.7301,16219.5472222,6.9
36.84126,122.7228,16219.5493056,6.9
36.843070000000004,122.7081,16219.553472200001,6.9
36.844440000000006,122.697,16219.55625,7.6
36.84577,122.6857,16219.5597222,7.4
36.84705,122.6755,16219.5625,6.7
36.84779,122.6679,16219.5645833,6.5
36.85002,122.6461,16219.5701389,7.4
36.85073,122.6384,16219.5722222,7.4
36.85389,122.6202,16219.5777778,7.4
36.86023,122.5745,16219.589583300001,7.6
36.86315,122.5357,16219.599305599999,8.3
36.8644,122.5183,16219.6034722,9.0
36.8665,122.51,16219.60625,8.9
36.869890000000005,122.5001,16219.6083333,9.0
36.87415,122.4888,16219.611111100001,9.4
36.87791,122.4786,16219.6131944,9.6
36.88355,122.4635,16219.6166667,9.3
36.88733,122.4542,16219.619444400001,8.5
36.89025,122.4469,16219.6215278,7.1
36.89557,122.441,16219.6236111,6.1
36.89642,122.4341,16219.6270833,2.9
36.896359999999994,122.4251,16219.630555599999,3.1
36.8958,122.425,16219.647222200001,0.0
36.8958,122.425,16219.6680556,0.0
