lat,long,time,speed
35.748129999999996,120.459,16201.4458333,4.2
35.765390000000004,120.5165,16201.474305599999,4.2
35.77233,120.5306,16201.4805556,4.4
35.7779,120.5399,16201.486111100001,4.5
35.780409999999996,120.5442,16201.4881944,4.5
34.84448,121.0224,16207.8548611,0.0
35.549209999999995,120.8229,16210.4048611,2.9
35.54208,120.8068,16210.41875,2.9
35.54011,120.8227,16210.4388889,3.3
35.64046,120.8112,16210.989583300001,4.2
35.57188,120.8201,16211.0423611,3.1
35.59838,120.8253,16211.0604167,2.9
35.60127,120.8252,16211.0625,3.6
35.62157,120.8262,16211.0777778,3.5
35.6255,120.8229,16211.0805556,5.4
35.62321,120.8138,16211.0840278,6.3
35.61847,120.8114,16211.0861111,5.3
35.61302,120.8099,16211.089583300001,4.7
35.599309999999996,120.8261,16211.102777799999,3.6
35.60432,120.8457,16211.115972200001,4.5
35.60606,120.8475,16211.1180556,2.2
35.60337,120.8512,16211.1236111,3.6
35.59599,120.8498,16211.1277778,4.0
35.588609999999996,120.8493,16211.1326389,4.0
35.58051,120.8492,16211.1375,4.2
35.56743,120.846,16211.145833300001,3.3
35.568259999999995,120.844,16211.1555556,1.8
35.56799,120.8437,16211.1576389,0.4
35.568490000000004,120.8424,16211.1722222,0.2
35.54889,120.8285,16211.1909722,4.4
35.538309999999996,120.8285,16211.1972222,4.2
35.532309999999995,120.8276,16211.2020833,4.0
35.52644,120.8254,16211.2055556,3.8
35.50795,120.8184,16211.2180556,3.8
35.50485,120.8192,16211.2208333,3.6
35.5007,120.8202,16211.2236111,3.8
35.60078,120.8059,16211.349305599999,3.6
35.60876,120.7812,16211.3777778,3.8
35.60863,120.77,16211.3847222,4.0
35.60998,120.7662,16211.3875,3.8
35.61103,120.7638,16211.3895833,4.2
35.61566,120.7386,16211.4027778,3.3
35.6167,120.73100000000001,16211.4069444,4.0
35.61845,120.7154,16211.415277799999,4.2
35.63088,120.6954,16211.4277778,4.2
35.63208,120.6929,16211.4298611,4.0
35.64186,120.6805,16211.4541667,1.7
35.64223,120.6799,16211.458333300001,0.8
35.64565,120.6742,16211.4680556,4.0
35.63559,120.6782,16211.474305599999,8.7
35.625009999999996,120.68,16211.477777799999,7.4
35.617740000000005,120.698,16211.4993056,0.2
35.61675,120.699,16211.6402778,0.2
35.61788,120.7007,16211.7784722,0.0
35.61824,120.7005,16211.8534722,0.0
35.61979,120.6902,16211.9805556,4.0
35.56758,120.7368,16212.0381944,4.0
35.5812,120.7354,16212.0465278,5.8
35.5837,120.7153,16212.053472200001,4.9
35.58395,120.7054,16212.0576389,4.2
35.589490000000005,120.70100000000001,16212.0618056,4.2
35.59305,120.6976,16212.0645833,4.2
35.59859,120.6899,16212.0694444,4.4
35.6018,120.685,16212.0722222,4.5
35.61056,120.6719,16212.079861100001,4.5
35.61395,120.6663,16212.083333300001,4.7
35.62707,120.6622,16212.09375,2.9
35.63027,120.6664,16212.099305599999,2.7
35.62634,120.6679,16212.1013889,4.5
35.61555,120.671,16212.1097222,3.8
35.60366,120.6737,16212.1173611,4.0
35.598729999999996,120.6752,16212.1201389,4.0
35.5954,120.6761,16212.1229167,4.0
35.592240000000004,120.6776,16212.125,4.0
35.58964,120.6789,16212.1270833,3.8
35.58589,120.6747,16212.129166699999,4.5
35.577890000000004,120.6596,16212.138888899999,4.0
35.5745,120.6472,16212.1430556,4.5
35.573809999999995,120.6386,16212.1479167,5.6
35.57423,120.6391,16212.16875,4.4
35.57193,120.63799999999999,16212.1715278,2.0
35.57447,120.6408,16212.183333300001,8.1
35.58041,120.6608,16212.1881944,9.6
35.58253,120.6773,16212.191666699999,9.6
35.583690000000004,120.6872,16212.19375,9.6
35.59985,120.7662,16212.2111111,9.9
35.60419,120.7834,16212.214583300001,8.0
35.57649,120.84899999999999,16212.2430556,4.0
35.56827,120.84899999999999,16212.2479167,4.2
35.562529999999995,120.8512,16212.2513889,3.8
35.556940000000004,120.8531,16212.2548611,4.0
35.544290000000004,120.8566,16212.2631944,4.2
35.53315,120.8492,16212.270833300001,4.7
35.53018,120.8459,16212.2736111,3.3
35.5269,120.8452,16212.275694400001,3.5
35.51894,120.8457,16212.28125,3.8
35.51577,120.8444,16212.2833333,4.0
35.51113,120.84299999999999,16212.286805599999,3.8
35.500479999999996,120.8407,16212.29375,3.8
35.48452,120.8544,16212.30625,4.2
35.443870000000004,120.8752,16212.3326389,3.7
35.50033,120.9461,16212.4256944,2.4
35.50701,120.9466,16212.43125,3.8
35.5114,120.9468,16212.4340278,4.0
35.515879999999996,120.9467,16212.4368056,4.0
35.52325,120.9467,16212.441666699999,4.0
35.531259999999996,120.9469,16212.4458333,4.2
35.53968,120.95100000000001,16212.4611111,0.2
35.54737,120.9474,16212.4819444,5.1
35.54981,120.9485,16212.4840278,4.9
35.5479,120.95200000000001,16212.4923611,2.7
35.54743,120.9425,16212.495833300001,6.3
35.548790000000004,120.9357,16212.4979167,4.0
35.549929999999996,120.9345,16212.5076389,0.4
35.54916,120.9338,16212.5722222,0.0
35.54915,120.9338,16212.5868056,0.0
35.54908,120.9338,16212.6020833,0.0
35.54906,120.9337,16212.6347222,0.0
35.54933,120.9337,16212.681944400001,0.0
35.54926,120.9354,16212.74375,0.0
35.54898,120.9353,16212.795138899999,0.0
35.61803,120.9553,16212.857638899999,9.9
35.650220000000004,121.008,16212.8729167,10.5
35.72319,121.149,16215.6236111,0.0
35.722429999999996,121.1472,16215.7625,0.2
35.72462,120.8221,16215.98125,3.5
35.73298,120.8379,16216.0381944,3.5
35.72,120.8243,16216.068055599999,4.0
35.68815,120.9383,16216.13125,4.2
35.69027,120.9514,16216.138888899999,3.8
35.68952,120.9374,16216.1451389,4.0
35.69005,120.9277,16216.15,4.5
35.68895,120.9231,16216.152083300001,4.5
35.66792,121.037,16216.2805556,3.5
35.67845,121.0512,16216.303472200001,3.6
35.68513,121.0474,16216.308333300001,3.8
35.70046,121.0361,16216.3208333,3.8
35.705490000000005,121.0323,16216.3243056,3.8
35.70984,121.0289,16216.3277778,3.6
35.713390000000004,121.0262,16216.3305556,3.6
35.71849,121.022,16216.334722200001,3.6
35.73624,121.0091,16216.3486111,3.6
35.739779999999996,121.0066,16216.3513889,3.6
35.74288,121.0045,16216.3534722,3.6
35.83631,120.9993,16216.4208333,3.6
35.84109,120.9998,16216.4243056,3.8
35.86795,121.0383,16216.447916699999,4.0
35.8688,121.0516,16216.4527778,4.7
35.86842,121.0582,16216.4555556,4.0
35.8744,121.0815,16216.4868056,1.8
35.87743,121.0849,16216.490972200001,2.2
35.87912,121.0848,16216.4986111,0.2
35.87917,121.0849,16216.5423611,0.0
35.87917,121.0848,16216.556944400001,0.0
35.8793,121.0847,16216.5861111,0.2
35.8798,121.0837,16216.6826389,0.2
35.879690000000004,121.0831,16216.6993056,0.2
35.87928,121.08200000000001,16216.7180556,0.4
35.8776,121.0825,16216.7618056,0.2
35.87767,121.0827,16216.808333300001,0.4
35.877829999999996,121.0824,16216.8145833,0.6
35.87781,121.0824,16216.81875,0.4
35.87849,121.0831,16216.8583333,0.9
35.8816,121.0877,16216.8638889,4.5
35.88552,121.0876,16216.8666667,2.6
35.876979999999996,121.0798,16216.870833300001,9.4
35.8599,121.0624,16216.8763889,9.9
35.85644,121.0416,16216.88125,9.6
35.85621,121.0201,16216.885416699999,9.0
35.8517,121.0056,16216.888888899999,4.0
35.855259999999994,120.9817,16216.9027778,3.6
35.82631,120.9453,16216.9298611,4.0
35.8201,120.9442,16216.9347222,3.8
35.81793,120.9398,16216.9375,3.5
35.81497,120.9322,16216.9423611,4.5
35.80489,120.9263,16216.95,3.3
35.801390000000005,120.9238,16216.9527778,3.8
35.79355,120.9173,16216.9590278,3.5
35.787079999999996,120.9102,16216.9652778,3.3
35.785070000000005,120.9065,16216.9680556,3.1
35.7837,120.9026,16216.9708333,3.1
35.78011,120.8953,16216.9763889,4.0
35.77732,120.8885,16216.9805556,2.9
35.776340000000005,120.8854,16216.9833333,2.9
35.77383,120.8806,16216.9868056,2.9
35.76385,120.8753,16216.99375,3.1
35.76175,120.8706,16216.9979167,2.7
35.71968,120.8638,16217.0020833,3.1
35.759409999999995,120.8568,16217.0069444,3.1
35.757059999999996,120.8477,16217.013888899999,2.9
35.7569,120.8436,16217.0159722,2.9
35.75606,120.8399,16217.01875,2.9
35.75573,120.8343,16217.022222200001,2.9
35.75476,120.8291,16217.025694400001,3.1
35.752390000000005,120.8249,16217.0291667,4.0
35.75009,120.8226,16217.03125,3.8
35.74762,120.8207,16217.0333333,3.1
35.74525,120.8191,16217.035416699999,3.8
35.74237,120.8179,16217.0375,3.6
35.735009999999996,120.8143,16217.04375,3.3
35.73178,120.8141,16217.045138899999,4.0
35.72818,120.8139,16217.0479167,4.0
35.72247,120.8142,16217.052083300001,4.2
35.71901,120.814,16217.0541667,3.5
35.71595,120.8141,16217.05625,3.6
35.71032,120.8143,16217.0604167,3.8
35.70326,120.814,16217.0652778,3.6
35.69871,120.8139,16217.068055599999,3.3
35.69552,120.8133,16217.0708333,2.9
35.69836,120.8068,16217.0756944,3.1
35.69955,120.8039,16217.0777778,2.9
35.70296,120.8001,16217.08125,4.2
35.70531,120.8004,16217.083333300001,4.7
35.71549,120.8059,16217.089583300001,4.5
35.72141,120.8119,16217.09375,4.7
35.74047,120.8233,16217.1048611,4.2
35.745,120.8238,16217.107638899999,4.5
35.75119,120.821,16217.111111100001,4.5
35.75549,120.8139,16217.1152778,4.7
35.75496,120.80799999999999,16217.1180556,3.8
35.753209999999996,120.8032,16217.120833300001,3.3
35.75036,120.7975,16217.1243056,3.6
35.74803,120.7929,16217.1277778,3.3
35.74723,120.7883,16217.130555599999,3.5
35.745290000000004,120.7821,16217.1347222,3.3
35.74265,120.7754,16217.138888899999,3.8
35.74045,120.7699,16217.1416667,3.5
35.73914,120.7666,16217.14375,3.6
35.73762,120.7604,16217.1479167,3.5
35.73603,120.7576,16217.15,4.7
35.73594,120.7541,16217.1541667,0.9
35.73673,120.7545,16217.15625,1.1
35.73899,120.756,16217.1625,0.9
35.74496,120.7578,16217.1743056,2.7
35.74649,120.7605,16217.178472200001,0.9
35.74899,120.7814,16217.1840278,9.2
35.75,120.7911,16217.1861111,9.6
35.74961,120.8025,16217.1888889,9.6
35.74966,120.8171,16217.1923611,9.6
35.75097,120.8727,16217.2041667,9.4
35.746340000000004,120.962,16217.2222222,9.4
35.742459999999994,121.0007,16217.23125,9.6
35.738209999999995,121.0193,16217.2354167,9.4
35.73584,121.0386,16217.239583300001,9.6
35.6777,121.1683,16217.3118056,3.8
35.66625,121.1696,16217.31875,3.8
35.63281,121.1702,16217.3388889,4.2
35.62746,121.1703,16217.3416667,4.0
35.59949,121.1762,16217.3763889,3.5
35.935970000000005,121.0851,16220.9444444,4.7
35.92982,121.083,16220.947916699999,4.5
35.92585,121.0831,16220.95,4.7
35.918209999999995,121.0843,16220.9541667,5.1
35.913129999999995,121.0845,16220.9569444,4.5
35.90737,121.0843,16220.959722200001,4.4
35.90222,121.0845,16220.9625,4.5
35.8984,121.0849,16220.964583300001,3.6
35.89411,121.0852,16220.9673611,4.7
35.88707,121.0862,16220.9708333,4.5
35.880720000000004,121.0863,16220.975,4.4
35.87225,121.0865,16220.9798611,4.5
35.865990000000004,121.0861,16220.9833333,4.5
35.85902,121.086,16220.9868056,4.4
35.849470000000004,121.0854,16220.9923611,4.5
35.83737,121.0854,16220.9993056,4.5
35.8235,121.0857,16221.0069444,4.2
35.81536,121.0859,16221.0111111,4.7
35.81038,121.086,16221.013888899999,4.4
35.782709999999994,121.0919,16221.0291667,4.5
35.771640000000005,121.1029,16221.036805599999,4.0
35.76688,121.1031,16221.0395833,4.2
35.75983,121.1047,16221.04375,4.0
35.72936,121.0998,16221.0631944,4.0
35.73003,121.0945,16221.068055599999,6.3
35.75425,121.0994,16221.083333300001,3.8
35.75796,121.1,16221.0861111,3.8
35.764540000000004,121.1005,16221.089583300001,4.2
35.7689,121.1005,16221.0930556,3.8
35.77588,121.0999,16221.097916699999,4.0
35.77963,121.0994,16221.1,3.8
35.78502,121.0989,16221.1034722,3.8
35.79202,121.0976,16221.107638899999,3.8
35.80449,121.0969,16221.115972200001,3.8
35.81001,121.0962,16221.119444400001,4.0
35.81389,121.0958,16221.1215278,4.0
35.81947,121.0958,16221.125,4.0
35.82398,121.0956,16221.1277778,4.0
35.82796,121.0955,16221.130555599999,4.0
35.83167,121.0939,16221.1326389,4.2
35.83488,121.0927,16221.135416699999,4.0
35.8387,121.0924,16221.138888899999,3.8
35.84709,121.0924,16221.1430556,4.0
35.852779999999996,121.0925,16221.145833300001,4.0
35.85539,121.09200000000001,16221.1479167,4.0
35.85814,121.0917,16221.15,3.1
35.86119,121.09100000000001,16221.152083300001,3.6
35.87142,121.1018,16221.1729167,6.7
35.868,121.1021,16221.175,7.6
35.83063,121.0984,16221.2208333,3.6
35.81664,121.0938,16221.23125,4.0
35.80703,121.09,16221.2381944,3.6
35.80413,121.0887,16221.2402778,3.6
35.79285,121.0832,16221.2486111,3.8
35.783,121.07700000000001,16221.2576389,3.5
35.76354,121.0691,16221.272222200001,2.9
35.75595,121.0632,16221.2777778,4.0
35.744659999999996,121.055,16221.286805599999,3.5
35.74114,121.0519,16221.2888889,4.2
35.73708,121.0486,16221.2923611,3.5
35.7325,121.0457,16221.2958333,3.5
35.72968,121.0457,16221.2979167,3.5
35.726409999999994,121.0462,16221.3,3.3
35.72402,121.0409,16221.3027778,6.5
35.73155,121.0312,16221.3076389,5.8
35.76158,121.0321,16221.326388899999,4.0
35.79599,121.0361,16221.347916699999,3.8
35.81668,121.0318,16221.3625,4.0
35.82062,121.0238,16221.3666667,4.2
35.82443,121.0189,16221.3701389,4.2
35.82699,121.0159,16221.3722222,4.2
35.8304,121.0129,16221.3743056,4.7
35.84016,121.0083,16221.380555599999,4.0
35.84633,121.0053,16221.3847222,3.8
35.852140000000006,121.0034,16221.388888899999,3.8
35.85725,121.0015,16221.392361100001,3.8
35.86245,121.0027,16221.395833300001,2.6
35.862190000000005,121.0017,16221.41875,0.0
35.86488,120.9981,16221.4243056,6.2
35.870259999999995,120.9893,16221.4263889,9.9
35.87447,120.9764,16221.4291667,10.1
35.877590000000005,120.9561,16221.433333300001,9.9
35.8802,120.9373,16221.4375,10.1
35.87873,120.9202,16221.4409722,10.1
35.878440000000005,120.9081,16221.44375,9.9
35.87797,120.8926,16221.446527799999,10.1
35.87753,120.8768,16221.4493056,10.1
35.87934,120.8543,16221.4541667,9.6
35.88296,120.8401,16221.4569444,9.6
35.88518,120.825,16221.4604167,9.8
35.8887,120.8112,16221.4638889,9.2
35.89313,120.7997,16221.4659722,9.2
35.902409999999996,120.7822,16221.4708333,9.4
35.90834,120.7747,16221.472916699999,9.0
35.91337,120.7651,16221.4756944,9.6
35.915929999999996,120.7472,16221.4798611,9.6
35.9173,120.7309,16221.482638899999,9.0
35.91885,120.72200000000001,16221.4854167,8.9
35.91903,120.711,16221.4875,9.4
35.918929999999996,120.6985,16221.4902778,4.5
35.9192,120.6941,16221.4951389,0.9
35.91838,120.6892,16221.4986111,8.5
35.918209999999995,120.6662,16221.5027778,9.6
35.91809,120.66,16221.505555599999,9.6
35.919709999999995,120.6109,16221.5159722,7.8
35.92078,120.6013,16221.51875,9.6
35.922290000000004,120.5915,16221.520833300001,9.6
35.925309999999996,120.5681,16221.525,9.6
35.92682,120.5564,16221.5277778,9.9
35.929840000000006,120.5382,16221.53125,9.9
35.9327,120.5183,16221.5361111,9.6
35.93525,120.5039,16221.5388889,8.5
35.93638,120.4956,16221.5409722,8.1
35.93815,120.4848,16221.5444444,4.9
35.93932,120.4788,16221.5479167,8.7
35.94384,120.4591,16221.5527778,9.4
35.947379999999995,120.4469,16221.5555556,9.4
35.9505,120.4379,16221.5576389,9.6
35.95636,120.4248,16221.5604167,9.9
35.95943,120.4197,16221.5743056,0.0
35.95945,120.4197,16221.5958333,0.0
35.9594,120.4197,16221.6416667,0.1
35.95936,120.4197,16221.6590278,0.2
35.9594,120.4197,16221.6756944,0.2
35.95944,120.4197,16221.693055599999,0.2
35.95962,120.4196,16221.7125,0.2
35.95984,120.4195,16221.73125,0.2
35.959959999999995,120.4193,16221.7479167,0.0
35.95994,120.4185,16221.7833333,0.4
35.95973,120.4183,16221.80625,0.4
35.95961,120.4181,16221.825,0.2
35.95942,120.4181,16221.8465278,0.2
35.95929,120.41799999999999,16221.869444400001,0.2
35.95921,120.4181,16221.8881944,0.4
35.9591,120.4181,16221.9048611,0.4
35.95909,120.4181,16221.9326389,0.4
35.959,120.4181,16221.946527799999,0.2
35.96028,120.4157,16221.9569444,1.7
35.96306,120.4129,16221.959722200001,7.2
35.96787,120.4079,16221.9618056,8.1
35.97752,120.3953,16221.9652778,9.4
35.98158,120.3869,16221.9673611,9.6
35.98467,120.3765,16221.9701389,8.7
35.98662,120.3681,16221.972916699999,8.1
35.99252,120.3592,16221.9756944,6.9
36.00141,120.3474,16221.979166699999,7.4
36.00482,120.3426,16221.982638899999,7.4
36.01187,120.3329,16221.9847222,8.0
36.01781,120.3211,16221.9881944,8.1
36.02055,120.3116,16221.990972200001,8.5
36.02319,120.2988,16221.994444400001,7.4
36.021,120.2849,16221.9986111,6.7
