lat,long,time,speed
55.52842,-5.375793,16191.3423611,3.0
55.52973000000001,-5.37709,16191.34375,2.0
55.5318,-5.378588,16191.3458333,3.4
55.53391,-5.3787650000000005,16191.347916699999,2.4
55.53526,-5.378807,16191.349305599999,2.3
55.536590000000004,-5.378792,16191.3506944,3.6
55.53791999999999,-5.379221,16191.3520833,2.0
55.53931,-5.37993,16191.354166699999,2.3
55.541540000000005,-5.38136,16191.35625,2.3
55.54335,-5.382307,16191.3583333,3.1
55.54557,-5.382825,16191.3604167,3.2
55.54679,-5.383208,16191.3618056,1.8
55.54809,-5.383598,16191.3631944,2.9
55.54946999999999,-5.383986,16191.364583300001,3.6
55.55065,-5.384443,16191.365972200001,2.1
55.55195,-5.3848709999999995,16191.3673611,2.3
55.55325,-5.385175,16191.36875,2.3
55.555319999999995,-5.385405,16191.370833300001,3.1
55.556509999999996,-5.384688,16191.3722222,1.6
55.55784,-5.384893,16191.3736111,1.9
55.56009,-5.383821,16191.3763889,2.3
55.56259,-5.3835370000000005,16191.379166699999,2.5
55.56516,-5.383749,16191.3819444,3.0
55.5674,-5.384429,16191.384027799999,2.0
55.573840000000004,-5.394392,16191.3944444,3.5
55.57249,-5.3958,16191.395833300001,3.1
55.61831,-5.4516800000000005,16192.1402778,6.9
55.624109999999995,-5.45022,16192.142361100001,6.4
55.6344,-5.44781,16192.1465278,6.8
55.64082,-5.44618,16192.1486111,6.6
55.6451,-5.44532,16192.15,6.8
55.65039,-5.442482,16192.152083300001,6.3
55.65563,-5.439863,16192.1541667,6.5
55.660869999999996,-5.4375279999999995,16192.15625,6.6
55.66405,-5.435722,16192.1576389,6.7
55.66978,-5.433126000000001,16192.1597222,6.5
55.67278,-5.431825,16192.1611111,6.9
55.679140000000004,-5.42954,16192.1638889,7.0
55.685919999999996,-5.428165,16192.1659722,6.2
55.69022,-5.427783,16192.16875,2.4
55.693769999999994,-5.428534,16192.1715278,2.2
55.6951,-5.429005,16192.1729167,1.9
55.69749,-5.427852,16192.1756944,1.9
55.699769999999994,-5.4268849999999995,16192.178472200001,2.5
55.70205,-5.425577,16192.18125,1.6
55.70446,-5.424587,16192.1840278,2.4
55.706990000000005,-5.424119999999999,16192.1868056,2.3
55.709230000000005,-5.422441,16192.1888889,1.8
55.710519999999995,-5.421098000000001,16192.1909722,2.3
55.71221,-5.4185300000000005,16192.19375,2.5
55.71416,-5.416052,16192.196527799999,1.5
55.715619999999994,-5.4145650000000005,16192.197916699999,1.8
55.717119999999994,-5.412025,16192.2006944,1.5
55.717859999999995,-5.410347,16192.2020833,2.0
55.72897,-5.2628379999999995,16195.1527778,7.8
55.731680000000004,-5.253692,16195.1548611,7.2
55.738,-5.24707,16195.1576389,7.5
55.743930000000006,-5.242768,16195.1597222,7.4
55.74831,-5.236148,16195.161805599999,6.9
55.7538,-5.226797,16195.1638889,7.8
55.75768000000001,-5.219712,16195.1659722,7.7
55.76096,-5.214155,16195.1673611,7.5
55.765719999999995,-5.204358,16195.170138899999,7.8
55.76935,-5.193378,16195.1722222,7.0
55.77178000000001,-5.184698,16195.1743056,8.0
55.772459999999995,-5.176158,16195.1763889,5.4
55.77117,-5.171418,16195.1791667,3.1
55.769119999999994,-5.166803,16195.18125,1.0
55.768240000000006,-5.164557,16195.1826389,1.4
55.767309999999995,-5.163293,16195.1840278,2.8
55.76624,-5.162255,16195.1854167,2.0
55.764309999999995,-5.160443,16195.1881944,1.7
55.76231,-5.1581150000000004,16195.1909722,2.9
55.76096,-5.155305,16195.193055599999,3.4
55.760169999999995,-5.15322,16195.1944444,3.5
55.7589,-5.151186,16195.196527799999,3.9
55.757769999999994,-5.14996,16195.197916699999,2.7
55.75615,-5.148803,16195.2,0.4
55.754819999999995,-5.148973000000001,16195.201388899999,1.3
55.753519999999995,-5.149763,16195.2027778,1.9
55.751909999999995,-5.150681,16195.204861100001,2.4
55.7502,-5.1508,16195.2069444,1.5
55.748290000000004,-5.149929,16195.2090278,2.1
55.74673000000001,-5.149092,16195.2111111,2.5
55.745,-5.148457,16195.213194400001,2.8
55.7436,-5.147062,16195.2152778,2.7
55.74256999999999,-5.145093,16195.2166667,3.8
55.74188,-5.14328,16195.2180556,2.9
55.7411,-5.141165,16195.2201389,2.4
55.73976999999999,-5.137835,16195.2222222,2.2
55.739059999999995,-5.136446,16195.2236111,4.2
55.73825,-5.134957,16195.225,3.4
55.73741999999999,-5.133513,16195.2263889,2.9
55.73576,-5.131118,16195.229166699999,2.3
55.73443,-5.129529,16195.2305556,2.6
55.73336,-5.128480000000001,16195.2319444,1.1
55.732459999999996,-5.126623,16195.2340278,2.3
55.73121999999999,-5.122965,16195.236111100001,3.0
55.73031999999999,-5.119832,16195.2388889,3.3
55.72909,-5.116219999999999,16195.240972200001,3.9
55.72845,-5.114797,16195.2423611,4.0
55.727219999999996,-5.1127650000000004,16195.244444400001,2.8
55.72544,-5.1108400000000005,16195.2465278,3.2
55.72435,-5.109962,16195.2479167,1.1
55.723009999999995,-5.108885,16195.25,2.3
55.72136,-5.106948,16195.2520833,1.0
55.72062,-5.105567,16195.2534722,2.6
55.719469999999994,-5.103255,16195.255555599999,1.9
55.71816999999999,-5.100412,16195.2576389,0.5
55.716930000000005,-5.097093,16195.260416699999,0.9
55.715740000000004,-5.093282,16195.2631944,1.0
55.71484,-5.090212999999999,16195.2652778,1.2
55.71391,-5.088030000000001,16195.267361100001,3.7
55.71235,-5.085188,16195.2701389,1.8
55.71068,-5.082223,16195.2729167,2.1
55.709619999999994,-5.079206,16195.275,3.1
55.70893,-5.075901999999999,16195.277083300001,3.2
55.70839,-5.072476999999999,16195.2791667,3.3
55.70808,-5.0694989999999995,16195.28125,3.3
55.70805,-5.065814,16195.2840278,1.6
55.706759999999996,-5.0620769999999995,16195.286805599999,1.7
55.704840000000004,-5.0593449999999995,16195.2895833,2.5
55.70361,-5.057277,16195.2909722,2.1
55.70276,-5.055928,16195.2923611,2.4
55.70137,-5.053938,16195.2944444,3.3
55.69885,-5.051197,16195.2979167,3.4
55.69769,-5.050133,16195.2993056,0.2
55.696130000000004,-5.048825,16195.3013889,1.7
55.694880000000005,-5.047937999999999,16195.3027778,1.9
55.69379,-5.04718,16195.3041667,2.2
55.69177,-5.045865,16195.306944400001,3.6
55.68983000000001,-5.044442,16195.3090278,3.5
55.688140000000004,-5.043087,16195.3111111,3.6
55.68705,-5.042072,16195.3125,3.2
55.68600000000001,-5.040997,16195.3138889,1.6
55.68504,-5.039743,16195.3152778,0.9
55.683319999999995,-5.037495,16195.318055599999,2.5
55.68156,-5.035303,16195.3201389,1.6
55.680609999999994,-5.033932,16195.321527799999,1.6
55.68005,-5.032972,16195.322916699999,1.8
55.679269999999995,-5.031985,16195.3256944,2.1
55.678909999999995,-5.030405,16195.3270833,3.2
55.67884,-5.029298000000001,16195.3284722,2.6
55.67835,-5.026854,16195.329861100001,2.6
55.67856,-5.026353,16195.33125,2.4
55.67884,-5.02639,16195.3326389,1.6
55.67899,-5.026507,16195.3340278,2.8
55.67886,-5.027327,16195.3354167,3.9
55.67964,-5.030755,16195.3375,4.5
55.68218,-5.035378,16195.3402778,3.4
55.684419999999996,-5.0377849999999995,16195.3430556,3.8
55.6865,-5.039569999999999,16195.3451389,4.2
55.68755,-5.040541999999999,16195.3465278,3.1
55.689330000000005,-5.041797,16195.3486111,2.6
55.69076,-5.042975,16195.3506944,3.1
55.6928,-5.044932,16195.352777799999,2.2
55.693819999999995,-5.045935,16195.354166699999,3.4
55.69603000000001,-5.04787,16195.3569444,1.9
55.6973,-5.049032,16195.3583333,2.2
55.699459999999995,-5.050877,16195.361111100001,2.0
55.70169,-5.052865,16195.3638889,3.1
55.70364,-5.056166999999999,16195.3666667,2.4
55.70505,-5.0601769999999995,16195.369444400001,2.7
55.7063,-5.063733,16195.3715278,3.1
55.70681,-5.06574,16195.3729167,2.5
55.707209999999996,-5.067693,16195.3743056,4.9
55.70778000000001,-5.07124,16195.3763889,3.5
55.708059999999996,-5.073187,16195.3777778,3.9
55.7085,-5.076226999999999,16195.3798611,1.7
55.70916,-5.079518,16195.3819444,3.3
55.70955,-5.081425,16195.3833333,2.3
55.71017,-5.083993,16195.385416699999,2.4
55.710969999999996,-5.08667,16195.3868056,3.4
55.71164,-5.088407,16195.3881944,3.3
55.71256999999999,-5.09045,16195.3902778,2.3
55.713719999999995,-5.093143,16195.3916667,2.8
55.714780000000005,-5.095262,16195.39375,2.9
55.715709999999994,-5.097268,16195.3951389,2.4
55.716469999999994,-5.0990400000000005,16195.3965278,2.5
55.71751,-5.10139,16195.3986111,1.8
55.71844,-5.1036150000000005,16195.4,3.4
55.71921999999999,-5.105613,16195.402083300001,2.7
55.72042,-5.108489,16195.4041667,2.5
55.72192,-5.111445,16195.40625,3.3
55.72286,-5.112955,16195.4076389,2.4
55.72376,-5.11451,16195.4090278,2.4
55.724709999999995,-5.115972,16195.410416699999,2.5
55.725609999999996,-5.1175370000000004,16195.411805599999,2.3
55.72643000000001,-5.118989,16195.4131944,2.2
55.72809,-5.122045,16195.4159722,2.1
55.72983000000001,-5.125235,16195.41875,3.2
55.73118,-5.128957,16195.4215278,2.5
55.73239,-5.132182,16195.423611100001,3.5
55.73336,-5.134338,16195.4256944,2.4
55.73455,-5.136742,16195.4277778,2.3
55.735490000000006,-5.140226999999999,16195.4298611,1.6
55.7361,-5.142405,16195.43125,3.2
55.73669,-5.143977,16195.4326389,2.2
55.73766,-5.146022,16195.4340278,2.3
55.73866999999999,-5.147803,16195.4361111,2.5
55.7402,-5.15017,16195.4381944,2.2
55.74168,-5.1521300000000005,16195.4402778,2.6
55.74374,-5.152635,16195.4423611,2.1
55.74503000000001,-5.156085,16195.4444444,3.4
55.74481,-5.1604730000000005,16195.446527799999,2.4
55.744609999999994,-5.162802,16195.447916699999,2.9
55.744609999999994,-5.164844,16195.4493056,3.2
55.745059999999995,-5.168715,16195.4520833,2.1
55.7458,-5.172924,16195.454861100001,3.4
55.74675,-5.176836,16195.4569444,3.3
55.7473,-5.1786769999999995,16195.458333300001,2.3
55.74811,-5.180969999999999,16195.459722200001,2.3
55.74933000000001,-5.183778,16195.4625,2.5
55.751169999999995,-5.18692,16195.4652778,2.2
55.75326,-5.189518,16195.4680556,2.2
55.755269999999996,-5.1919379999999995,16195.4701389,2.4
55.756240000000005,-5.193073,16195.4715278,3.1
55.75784,-5.194637999999999,16195.4736111,2.3
55.75938000000001,-5.19623,16195.4756944,2.8
55.76119,-5.197863,16195.4784722,1.0
55.76257,-5.197957,16195.48125,1.0
55.76324,-5.19789,16195.482638899999,1.9
55.7641,-5.197882,16195.4840278,1.4
55.76481999999999,-5.1981269999999995,16195.4854167,2.2
55.76611,-5.1980949999999995,16195.4881944,2.5
55.76611,-5.1981,16195.490972200001,3.2
55.76474,-5.197124,16195.4930556,3.1
55.760690000000004,-5.196593,16195.4951389,4.8
55.759409999999995,-5.196577,16195.4965278,3.3
55.75787,-5.196502,16195.4986111,1.9
55.755930000000006,-5.196162,16195.5006944,2.5
55.75356,-5.195595,16195.5034722,1.5
55.751169999999995,-5.194788,16195.505555599999,1.7
55.75003,-5.19473,16195.5069444,2.3
55.747780000000006,-5.194448,16195.5097222,1.7
55.74618,-5.193944,16195.5111111,1.4
55.745,-5.19369,16195.5125,2.5
55.743719999999996,-5.193575,16195.513888899999,2.2
55.74203000000001,-5.19349,16195.5159722,2.2
55.739740000000005,-5.194143,16195.5180556,3.5
55.73783,-5.194432,16195.5201389,2.3
55.73652,-5.194567,16195.5215278,1.9
55.73486,-5.1946900000000005,16195.5236111,2.2
55.732659999999996,-5.19482,16195.525694400001,2.1
55.730059999999995,-5.194623,16195.5284722,2.2
55.72826,-5.1944300000000005,16195.5298611,2.3
55.727019999999996,-5.194477,16195.53125,2.7
55.72579,-5.1946650000000005,16195.5326389,2.0
55.72368,-5.196297,16195.5347222,1.9
55.72251,-5.19804,16195.536805599999,3.1
55.72169,-5.2027849999999995,16195.5388889,2.9
55.72204,-5.2061209999999996,16195.5409722,2.6
55.72257,-5.208342,16195.5423611,2.5
55.72309,-5.210279,16195.54375,2.4
55.7243,-5.213947,16195.5465278,2.2
55.72375,-5.212317,16195.5479167,2.4
55.726040000000005,-5.219753,16195.55,2.1
55.726690000000005,-5.22169,16195.5513889,2.6
55.72759,-5.224582,16195.553472200001,2.2
55.72831,-5.226792,16195.5555556,2.3
55.72956,-5.230832,16195.558333300001,2.0
55.73078,-5.2348930000000005,16195.5611111,2.1
55.73211,-5.2389019999999995,16195.5638889,2.0
55.7328,-5.240797,16195.5652778,2.2
55.73356999999999,-5.2430129999999995,16195.566666699999,2.1
55.73405,-5.244962,16195.568055599999,2.1
55.73445,-5.247547,16195.5701389,2.3
55.735119999999995,-5.250769999999999,16195.5722222,2.4
55.73627,-5.25485,16195.575,2.7
55.73681,-5.257573000000001,16195.576388899999,2.5
55.737069999999996,-5.259768,16195.5777778,2.3
55.73744,-5.261902,16195.5791667,2.2
55.738440000000004,-5.2654,16195.5819444,2.5
55.739290000000004,-5.268502,16195.5840278,2.1
55.739940000000004,-5.271308,16195.5861111,1.9
55.74035,-5.27487,16195.588194400001,2.2
55.73984,-5.277417,16195.589583300001,1.8
55.739309999999996,-5.2807699999999995,16195.5923611,1.9
55.73888,-5.283278,16195.59375,2.0
55.73862,-5.285913,16195.5958333,2.3
55.73831,-5.288058,16195.5972222,2.0
55.73795,-5.2910699999999995,16195.599305599999,2.1
55.73766,-5.293242,16195.6006944,2.4
55.73721999999999,-5.295187,16195.6020833,2.3
55.736430000000006,-5.299696,16195.6048611,2.0
55.73587,-5.301617,16195.60625,2.3
55.73514,-5.3033470000000005,16195.607638899999,1.6
55.73438,-5.304958,16195.6090278,1.8
55.73367,-5.30638,16195.6104167,2.6
55.73263000000001,-5.307537,16195.6118056,2.0
55.73149,-5.308853,16195.6131944,2.3
55.73035,-5.310214,16195.6152778,2.2
55.728480000000005,-5.312405,16195.6173611,2.0
55.728030000000004,-5.3133099999999995,16195.619444400001,1.0
55.727740000000004,-5.31466,16195.6222222,0.7
55.727740000000004,-5.315643,16195.6236111,0.5
55.728280000000005,-5.316925,16195.625,1.0
55.72936,-5.31724,16195.6270833,1.7
55.73121,-5.317207,16195.6284722,6.4
55.73263000000001,-5.31659,16195.630555599999,2.6
55.73369,-5.314623,16195.6326389,3.0
55.732319999999994,-5.3148550000000006,16195.6347222,2.9
55.730830000000005,-5.31551,16195.6368056,3.8
55.72748000000001,-5.318459,16195.6395833,1.7
55.72574,-5.319348000000001,16195.6416667,2.5
55.72449,-5.320426,16195.6430556,2.2
55.7235,-5.321605,16195.6444444,1.9
55.722640000000006,-5.322906,16195.645833300001,2.1
55.72156999999999,-5.3236099999999995,16195.647222200001,2.3
55.71873000000001,-5.32475,16195.650694400001,2.0
55.717,-5.3253260000000004,16195.6527778,2.2
55.71527,-5.325998,16195.6548611,2.1
55.7136,-5.327903,16195.6569444,2.4
55.712309999999995,-5.3295069999999996,16195.6590278,1.7
55.710609999999996,-5.332632,16195.661805599999,1.8
55.709990000000005,-5.334318,16195.6631944,1.9
55.70766999999999,-5.340611,16195.66875,1.9
55.706109999999995,-5.341585,16195.670138899999,1.9
55.699769999999994,-5.348409999999999,16195.6791667,2.1
55.69785,-5.35111,16195.681944400001,2.1
55.69599,-5.355688,16195.6861111,1.7
55.69465,-5.358125,16195.6881944,1.8
55.693780000000004,-5.363242,16195.691666699999,1.8
55.69386,-5.368753,16195.6951389,2.5
55.69351999999999,-5.373197,16195.697916699999,2.4
55.69279,-5.378353,16195.701388899999,2.1
55.692519999999995,-5.381474,16195.7034722,2.7
55.69203,-5.38503,16195.7055556,4.1
55.69152,-5.386734,16195.7069444,1.9
55.69041,-5.387752,16195.708333300001,1.5
55.68937,-5.38882,16195.709722200001,1.7
55.68833000000001,-5.38967,16195.7111111,3.2
55.68736,-5.390468,16195.7125,1.1
55.68638000000001,-5.391032,16195.7138889,3.9
55.682159999999996,-5.392332,16195.7194444,4.4
55.67734,-5.394218,16195.725,0.6
55.67666,-5.394355,16195.727777799999,1.0
55.67633000000001,-5.394438,16195.7298611,1.3
55.67675,-5.391812,16195.7319444,1.3
55.677569999999996,-5.390458,16195.7333333,1.9
55.67901,-5.387853,16195.7354167,3.6
55.67974,-5.387239,16195.7375,2.9
55.68015,-5.386552,16195.739583300001,2.9
55.675709999999995,-5.389508,16195.7451389,5.8
55.67215,-5.392530000000001,16195.7472222,7.7
55.668209999999995,-5.397407,16195.7493056,5.8
55.66271,-5.407493,16195.7527778,6.9
55.6583,-5.414407,16195.755555599999,5.5
55.65254,-5.4219800000000005,16195.7583333,7.0
55.64955,-5.4252400000000005,16195.7597222,5.2
55.64321999999999,-5.431588,16195.7631944,6.2
55.63901,-5.4359459999999995,16195.7652778,7.5
55.63556,-5.439188,16195.7666667,6.3
55.631269999999994,-5.4435519999999995,16195.76875,5.4
55.62818000000001,-5.446383,16195.7701389,7.3
55.62481999999999,-5.448637000000001,16195.7715278,6.1
55.59391,-5.463153,16196.0909722,2.6
55.60464,-5.459157,16196.0944444,6.5
55.60776,-5.457422,16196.0958333,3.9
55.609809999999996,-5.457657,16196.0972222,3.5
55.61161,-5.457998,16196.0986111,3.2
55.61342,-5.45824,16196.1,5.9
55.616659999999996,-5.456230000000001,16196.1013889,3.8
55.61805,-5.455918,16196.102777799999,2.8
55.620219999999996,-5.455862000000001,16196.1048611,2.1
55.62184,-5.455778,16196.1069444,2.7
55.6238,-5.455385,16196.1083333,2.2
55.62514,-5.454957,16196.1097222,2.5
55.626380000000005,-5.454475,16196.111111100001,2.4
55.62791,-5.453785,16196.1131944,2.5
55.63074,-5.4521120000000005,16196.115972200001,2.6
55.63306,-5.450503,16196.11875,2.5
55.6361,-5.448472,16196.1215278,2.0
55.63864,-5.446458,16196.125,2.4
55.64023,-5.444987,16196.1263889,2.5
55.6414,-5.443487999999999,16196.1277778,2.2
55.6426,-5.44172,16196.1298611,2.2
55.644819999999996,-5.4382779999999995,16196.1326389,2.1
55.645869999999995,-5.4367529999999995,16196.134027799999,2.6
55.64699,-5.435117,16196.135416699999,2.9
55.64793,-5.43371,16196.1368056,2.5
55.649719999999995,-5.431025,16196.1395833,2.6
55.6522,-5.427335,16196.142361100001,2.8
55.65374,-5.425415,16196.1444444,2.6
55.65888,-5.4211730000000005,16196.150694400001,2.5
55.66411,-5.420405000000001,16196.15625,2.4
55.666340000000005,-5.4209,16196.1583333,2.4
55.66933,-5.420979,16196.1611111,2.3
55.6726,-5.420417,16196.1645833,2.2
55.67391,-5.420108,16196.1659722,2.5
55.67524,-5.419772,16196.1673611,2.5
55.681819999999995,-5.418337999999999,16196.1743056,2.4
55.68578,-5.4171629999999995,16196.178472200001,2.2
55.686809999999994,-5.416615,16196.1798611,2.3
55.68861999999999,-5.415535,16196.181944400001,2.4
55.68985,-5.41481,16196.183333300001,2.3
55.6923,-5.413037999999999,16196.1861111,2.5
55.693430000000006,-5.412215,16196.1875,2.4
55.694759999999995,-5.411265,16196.1888889,2.5
55.69623000000001,-5.410252,16196.1909722,2.5
55.69766,-5.409285,16196.19375,1.5
55.7005,-5.407748000000001,16196.196527799999,2.1
55.70166,-5.407438,16196.197916699999,2.3
55.704190000000004,-5.406668,16196.2006944,2.4
55.705490000000005,-5.406162,16196.2020833,2.3
55.7084,-5.404723000000001,16196.2055556,2.2
55.71091,-5.403091000000001,16196.208333300001,2.4
55.7128,-5.401472,16196.2104167,2.3
55.71444,-5.399801999999999,16196.2125,2.3
55.71581,-5.3981069999999995,16196.2138889,2.6
55.7168,-5.396498,16196.2152778,2.4
55.71771999999999,-5.394769999999999,16196.2166667,2.4
55.71986999999999,-5.389288,16196.2208333,2.3
55.720659999999995,-5.3869370000000005,16196.2222222,2.3
55.72186,-5.382728,16196.225,2.3
55.72326999999999,-5.375415,16196.2298611,2.3
55.72452,-5.371023,16196.232638899999,2.3
55.72579,-5.367923,16196.2347222,2.1
55.72665,-5.36604,16196.2368056,2.1
55.72768000000001,-5.364153,16196.2381944,2.3
55.728559999999995,-5.362576,16196.239583300001,2.2
55.72943000000001,-5.360703,16196.240972200001,2.3
55.729980000000005,-5.3586339999999995,16196.2423611,2.2
55.73041,-5.35655,16196.24375,2.2
55.730709999999995,-5.354478,16196.2451389,2.1
55.73093000000001,-5.352358000000001,16196.2465278,2.0
55.7312,-5.34919,16196.2486111,2.3
55.731559999999995,-5.34529,16196.2513889,2.3
55.731869999999994,-5.341844999999999,16196.2534722,2.0
55.73259,-5.3352699999999995,16196.2576389,2.3
55.73304,-5.331002,16196.2597222,2.4
55.73328000000001,-5.329148,16196.2611111,1.1
55.73348000000001,-5.328166,16196.2625,1.0
55.7337,-5.327278,16196.263888899999,0.8
55.73381,-5.326617,16196.2652778,0.8
55.734140000000004,-5.325442,16196.2666667,1.1
55.734480000000005,-5.324317,16196.2680556,1.3
55.735490000000006,-5.320953,16196.2701389,6.9
55.73548,-5.318732,16196.2736111,1.6
55.73704,-5.312015,16196.277083300001,6.3
55.73806,-5.304807,16196.2791667,6.2
55.738580000000006,-5.298316000000001,16196.28125,3.2
55.739290000000004,-5.293205,16196.2833333,6.0
55.73948000000001,-5.287557,16196.285416699999,2.1
55.73969,-5.285125,16196.2875,2.1
55.73976999999999,-5.281912999999999,16196.2888889,2.1
55.739740000000005,-5.279568,16196.290277799999,2.4
55.73969,-5.276028,16196.2930556,2.3
55.739619999999995,-5.272718,16196.2944444,2.6
55.73956999999999,-5.270162,16196.2965278,2.3
55.73908,-5.265353,16196.2993056,2.4
55.738459999999996,-5.261085,16196.3013889,2.7
55.73814,-5.258572,16196.3027778,2.5
55.73783,-5.25624,16196.3041667,2.4
55.73734,-5.253803,16196.30625,2.6
55.73621,-5.2508669999999995,16196.308333300001,2.4
55.73511,-5.248378,16196.3097222,2.5
55.73455,-5.246129,16196.3111111,2.3
55.734030000000004,-5.244077,16196.3125,2.2
55.73345,-5.241879,16196.3145833,2.2
55.732380000000006,-5.23784,16196.3173611,2.3
55.731190000000005,-5.23372,16196.3201389,2.2
55.73015,-5.230976999999999,16196.3222222,2.3
55.7288,-5.2284120000000005,16196.3243056,2.4
55.72663000000001,-5.2251650000000005,16196.3270833,2.3
55.724790000000006,-5.221957,16196.329861100001,2.3
55.72345,-5.219522,16196.3319444,2.4
55.72192,-5.2164779999999995,16196.3340278,2.4
55.72124,-5.213877,16196.3361111,2.8
55.723980000000005,-5.21052,16196.3388889,4.0
55.72634,-5.21213,16196.3402778,3.6
55.72841,-5.215312,16196.3430556,2.5
55.730090000000004,-5.218917,16196.3458333,2.3
55.73134,-5.2213769999999995,16196.347916699999,2.2
55.73239,-5.223203,16196.349305599999,2.3
55.73333,-5.225308,16196.3513889,2.2
55.7346,-5.229633,16196.354166699999,2.3
55.735769999999995,-5.23311,16196.35625,2.4
55.73664,-5.234758,16196.3583333,2.2
55.7385,-5.237472,16196.3604167,2.3
55.73964,-5.239151000000001,16196.3625,2.2
55.74136,-5.24138,16196.364583300001,2.3
55.742430000000006,-5.243151999999999,16196.365972200001,2.2
55.74325,-5.245101,16196.3673611,2.1
55.74401999999999,-5.246839,16196.36875,2.4
55.745580000000004,-5.247642,16196.370833300001,2.4
55.74768,-5.2478050000000005,16196.3729167,2.3
55.74933000000001,-5.247602,16196.3743056,2.5
55.750719999999994,-5.2474989999999995,16196.3763889,2.3
55.75318000000001,-5.247865,16196.379166699999,2.5
55.754690000000004,-5.2504230000000005,16196.38125,2.4
55.755959999999995,-5.25261,16196.3833333,2.1
55.75799,-5.255937,16196.3861111,2.2
55.759780000000006,-5.258585,16196.388888899999,2.4
55.76166,-5.260855,16196.3909722,2.3
55.76333,-5.26227,16196.3930556,2.3
55.764340000000004,-5.263445,16196.3944444,2.3
55.76588,-5.26527,16196.3965278,2.2
55.76691999999999,-5.266507,16196.3979167,2.2
55.76797,-5.267708,16196.3993056,2.2
55.76903000000001,-5.26893,16196.400694400001,2.3
55.76999,-5.270072,16196.402083300001,2.2
55.77177,-5.271865,16196.4041667,2.1
55.77293,-5.272728,16196.4055556,2.2
55.77413000000001,-5.273447,16196.4069444,2.0
55.775380000000006,-5.274122,16196.4083333,2.4
55.77756,-5.275444,16196.4111111,2.5
55.77991,-5.27787,16196.4138889,2.4
55.78106,-5.279323000000001,16196.416666699999,1.2
55.781780000000005,-5.280118,16196.41875,1.0
55.78228000000001,-5.28085,16196.420138899999,1.0
55.78313000000001,-5.281712000000001,16196.4222222,1.0
55.7849,-5.282163,16196.425,2.1
55.78481,-5.282558,16196.4277778,1.7
55.78465,-5.281802,16196.4298611,3.8
55.78572,-5.283913,16196.43125,2.4
55.78824,-5.286618,16196.433333300001,6.6
55.790569999999995,-5.2875190000000005,16196.4354167,2.8
55.79286,-5.28646,16196.4375,2.5
55.79449,-5.2870349999999995,16196.4395833,2.2
55.7968,-5.289557,16196.4423611,2.4
55.79809,-5.2918449999999995,16196.4444444,2.2
55.80047,-5.293678,16196.4472222,2.6
55.802240000000005,-5.290541999999999,16196.4493056,3.4
55.80239,-5.287915,16196.4506944,3.2
55.80246999999999,-5.284827,16196.4527778,2.6
55.800259999999994,-5.28089,16196.4555556,2.2
55.79906999999999,-5.28,16196.4569444,2.2
55.79778,-5.279025,16196.458333300001,2.2
55.796569999999996,-5.277575,16196.459722200001,2.3
55.79546,-5.27643,16196.4611111,2.8
55.7936,-5.275965,16196.463194400001,2.5
55.79224,-5.275718,16196.464583300001,2.1
55.79073,-5.27536,16196.4666667,2.6
55.78915,-5.2749120000000005,16196.4680556,2.3
55.78676,-5.274225,16196.4708333,2.2
55.78436,-5.273455,16196.4736111,2.6
55.78216,-5.272673,16196.4756944,2.7
55.78058000000001,-5.272092,16196.477777799999,2.7
55.7788,-5.271445,16196.4798611,2.8
55.7771,-5.269565,16196.4819444,2.4
55.77523000000001,-5.268047,16196.4840278,1.8
55.773619999999994,-5.267043,16196.4854167,2.5
55.77245,-5.266593,16196.4868056,1.9
55.77065,-5.2662949999999995,16196.4888889,2.1
55.769180000000006,-5.265902,16196.4902778,2.1
55.76801999999999,-5.265372,16196.4916667,2.4
55.76676,-5.26505,16196.4930556,2.1
55.7655,-5.264702,16196.494444400001,2.0
55.76421,-5.2647900000000005,16196.495833300001,2.1
55.76021,-5.266563,16196.5006944,2.6
55.7578,-5.268145,16196.5034722,2.0
55.755430000000004,-5.269727,16196.50625,2.4
55.753659999999996,-5.271485,16196.5083333,2.7
55.7522,-5.273512,16196.510416699999,2.2
55.750840000000004,-5.274780000000001,16196.5118056,2.4
55.74941999999999,-5.275875,16196.513888899999,2.2
55.74705,-5.277705,16196.5166667,2.3
55.74422,-5.277430000000001,16196.5194444,2.0
55.7426,-5.2766720000000005,16196.5215278,1.9
55.74074,-5.273857,16196.5236111,2.4
55.74004,-5.271605999999999,16196.525,2.7
55.73964,-5.269392,16196.5263889,1.8
55.739230000000006,-5.267076,16196.5277778,2.4
55.73887,-5.264803,16196.5291667,2.7
55.738319999999995,-5.262498,16196.5305556,2.2
55.73778000000001,-5.26063,16196.5319444,2.3
55.737140000000004,-5.2586379999999995,16196.5333333,2.6
55.73611999999999,-5.25593,16196.535416699999,2.3
55.73515,-5.252962,16196.5375,2.3
55.73384,-5.248848000000001,16196.540277799999,2.5
55.733169999999994,-5.246230000000001,16196.541666699999,1.9
55.73274,-5.243885,16196.5430556,2.2
55.7325,-5.241707,16196.5444444,2.2
55.73209,-5.23884,16196.5465278,2.2
55.732240000000004,-5.239977,16196.548611100001,2.2
55.730630000000005,-5.2325349999999995,16196.55,1.9
55.730019999999996,-5.2305459999999995,16196.552083300001,2.4
55.7287,-5.226642,16196.5548611,2.1
55.727380000000004,-5.224277,16196.556944400001,2.2
55.72586,-5.221598,16196.5590278,2.2
55.724959999999996,-5.219685,16196.5604167,2.1
55.724059999999994,-5.217808,16196.5618056,2.3
55.72308,-5.216283,16196.5631944,2.3
55.72215,-5.214755,16196.5645833,2.0
55.72127,-5.213242,16196.5659722,2.1
55.72043000000001,-5.211397,16196.5673611,2.0
55.719719999999995,-5.209683,16196.56875,1.9
55.719030000000004,-5.20777,16196.5701389,2.1
55.71849,-5.205475,16196.5722222,2.1
55.71808000000001,-5.200469,16196.575,2.6
55.71767,-5.195951,16196.5777778,2.6
55.717890000000004,-5.193608,16196.579861100001,0.8
55.71836,-5.192282,16196.5819444,0.6
55.71881,-5.1908199999999995,16196.5840278,1.5
55.719669999999994,-5.189185,16196.5861111,1.8
55.72095,-5.187812,16196.5875,5.6
55.721819999999994,-5.186795,16196.589583300001,2.1
55.721990000000005,-5.185675,16196.5909722,1.3
55.722319999999996,-5.185507,16196.5930556,2.5
55.72251,-5.185823,16196.5944444,2.3
55.72303,-5.18924,16196.5972222,3.1
55.724990000000005,-5.195258,16196.599305599999,2.1
55.725680000000004,-5.19688,16196.6006944,2.2
55.726780000000005,-5.200908,16196.6034722,2.3
55.72715,-5.203158,16196.6048611,2.1
55.72748000000001,-5.205507,16196.60625,2.2
55.72773000000001,-5.20791,16196.6083333,1.9
55.7284,-5.212115,16196.611111100001,2.2
55.72942,-5.215943,16196.6131944,2.2
55.7302,-5.218596,16196.6152778,2.1
55.730709999999995,-5.220528,16196.6166667,2.0
55.73118,-5.222572,16196.6180556,2.1
55.73126,-5.224723,16196.619444400001,2.2
55.731269999999995,-5.2268930000000005,16196.620833300001,2.7
55.731640000000006,-5.228987,16196.6222222,2.2
55.73211,-5.230925,16196.6236111,2.0
55.73248,-5.23306,16196.625,2.4
55.732690000000005,-5.236244999999999,16196.6270833,2.4
55.732780000000005,-5.240248,16196.6298611,2.4
55.7333,-5.2432669999999995,16196.6319444,2.8
55.73463,-5.247477,16196.6347222,2.3
55.73535,-5.2505239999999995,16196.6368056,2.3
55.736059999999995,-5.25491,16196.6395833,2.3
55.73672,-5.258030000000001,16196.6416667,2.3
55.7378,-5.264292,16196.6451389,2.4
55.73839,-5.266344999999999,16196.6465278,2.3
55.73891,-5.26882,16196.6486111,2.7
55.73915,-5.270504,16196.65,2.5
55.739580000000004,-5.27377,16196.6513889,2.2
55.73985,-5.275815000000001,16196.6527778,2.3
55.740069999999996,-5.2777970000000005,16196.6541667,2.3
55.740019999999994,-5.279985,16196.6555556,2.6
55.7397,-5.28215,16196.6569444,2.1
55.73908,-5.285275,16196.6590278,1.9
55.738609999999994,-5.288012,16196.6611111,2.2
55.73796,-5.290773000000001,16196.6631944,2.3
55.73692,-5.295543,16196.6659722,2.2
55.73646,-5.297703,16196.6680556,2.3
55.735769999999995,-5.300475,16196.6694444,2.0
55.735319999999994,-5.30354,16196.6722222,2.2
55.73454,-5.3064480000000005,16196.6743056,2.1
55.733999999999995,-5.311592,16196.677083300001,2.1
55.73384,-5.313505,16196.678472200001,2.0
55.73358,-5.315607,16196.6798611,1.8
55.73356,-5.317753,16196.68125,2.0
55.7336,-5.319852,16196.683333300001,1.4
55.73335,-5.321795,16196.6847222,2.1
55.73333,-5.323958,16196.6861111,2.2
55.7334,-5.326438,16196.6881944,2.1
55.73346,-5.330658000000001,16196.6902778,2.3
55.73381,-5.332937,16196.6923611,1.9
55.73435,-5.337173,16196.6944444,2.2
55.73417,-5.339375,16196.6958333,2.3
55.73375,-5.341493,16196.6972222,2.0
55.73285,-5.345657,16196.7,2.7
55.73246999999999,-5.347898000000001,16196.7020833,1.7
55.73195,-5.351807,16196.704861100001,2.3
55.73068000000001,-5.356138,16196.7076389,2.3
55.729780000000005,-5.359577,16196.709722200001,2.2
55.728840000000005,-5.36166,16196.7111111,2.3
55.72786,-5.363237000000001,16196.7125,2.6
55.726969999999994,-5.364725,16196.7138889,2.4
55.725319999999996,-5.3681220000000005,16196.7166667,2.5
55.72456999999999,-5.369948,16196.7180556,2.3
55.72315,-5.373225,16196.7208333,2.2
55.72096,-5.376075,16196.7236111,2.1
55.7198,-5.37749,16196.725,2.4
55.71895,-5.3785,16196.7263889,1.9
55.7179,-5.379378,16196.727777799999,2.4
55.71621999999999,-5.380367,16196.7298611,2.1
55.71415,-5.381901999999999,16196.732638899999,2.4
55.712340000000005,-5.38267,16196.7347222,1.0
55.71135,-5.3829080000000005,16196.7375,1.0
55.71066999999999,-5.38244,16196.7388889,1.5
55.71023,-5.3809190000000005,16196.7402778,2.1
55.710390000000004,-5.376995,16196.7430556,2.7
55.71131999999999,-5.3748949999999995,16196.745833300001,1.2
55.71001,-5.37747,16196.7486111,2.7
55.70735,-5.37985,16196.7506944,4.0
55.703619999999994,-5.3826480000000005,16196.7527778,6.7
55.698730000000005,-5.388325,16196.755555599999,6.2
55.69424,-5.39374,16196.7576389,6.7
55.68988,-5.398667,16196.7597222,6.9
55.68526,-5.404077,16196.7618056,6.2
55.68116,-5.4088959999999995,16196.763888899999,6.4
55.67643,-5.414457,16196.7659722,6.4
55.67188,-5.419518,16196.7680556,5.5
55.66965,-5.422455,16196.7694444,5.8
55.665530000000004,-5.427217,16196.7715278,4.4
55.661,-5.43171,16196.7736111,6.3
55.65565,-5.434185,16196.775694400001,5.8
55.649280000000005,-5.437469,16196.7784722,7.0
55.643409999999996,-5.4406300000000005,16196.7805556,8.3
55.63805,-5.44337,16196.7826389,5.8
55.63264,-5.445863,16196.7847222,7.1
55.62636,-5.4485980000000005,16196.7875,6.4
55.61956,-5.451635,16196.7895833,6.4
55.61215,-5.455775,16196.7923611,7.2
55.608369999999994,-5.457745,16196.79375,7.6
55.5929,-5.4631,16197.0944444,0.0
55.59835,-5.459077,16197.1013889,7.3
55.6119,-5.455743,16197.1055556,8.4
55.62092,-5.454253,16197.1083333,8.1
55.62765,-5.4533510000000005,16197.1104167,8.1
55.673019999999994,-5.443032,16197.1243056,8.1
55.68188000000001,-5.439608,16197.1277778,7.5
55.68767,-5.43594,16197.1298611,7.4
55.693259999999995,-5.431396,16197.1319444,7.3
55.69698,-5.428373000000001,16197.1333333,3.7
55.69896,-5.427163,16197.135416699999,2.4
55.70115,-5.425512,16197.1368056,5.8
55.7035,-5.424008000000001,16197.138888899999,2.2
55.704919999999994,-5.424582,16197.1402778,2.4
55.706419999999994,-5.42436,16197.142361100001,2.3
55.70794,-5.4237519999999995,16197.14375,2.0
55.709480000000006,-5.422468,16197.145833300001,2.1
55.71213,-5.419382,16197.1493056,2.2
55.71346,-5.417315,16197.150694400001,2.5
55.7144,-5.415813,16197.152083300001,2.4
55.71565,-5.413883,16197.1541667,1.8
55.71702,-5.411587,16197.15625,2.1
55.717909999999996,-5.40977,16197.1576389,2.1
55.719159999999995,-5.407035,16197.1597222,2.3
55.72022,-5.404865,16197.161805599999,2.3
55.72197,-5.401546,16197.1645833,1.8
55.72294,-5.399457,16197.1659722,2.1
55.7243,-5.3966400000000005,16197.1680556,2.2
55.72517,-5.394612,16197.1694444,2.3
55.72603,-5.3924449999999995,16197.1715278,2.7
55.72765,-5.389194,16197.1743056,2.4
55.72931,-5.3857040000000005,16197.177083300001,2.7
55.7308,-5.382045,16197.1798611,2.2
55.73234,-5.37825,16197.1826389,2.1
55.733290000000004,-5.374523,16197.1847222,2.1
55.733830000000005,-5.371316,16197.1868056,2.7
55.7335,-5.366594999999999,16197.1895833,2.2
55.73264,-5.364033,16197.191666699999,2.6
55.731669999999994,-5.361333,16197.19375,2.1
55.73096999999999,-5.3572370000000005,16197.196527799999,2.1
55.730630000000005,-5.353095,16197.1986111,2.5
55.73118,-5.350003,16197.2006944,2.3
55.731719999999996,-5.347768,16197.2020833,2.2
55.73202,-5.3460220000000005,16197.2034722,2.6
55.732380000000006,-5.34344,16197.204861100001,2.6
55.73267,-5.340832,16197.2069444,2.3
55.73311999999999,-5.336717,16197.2090278,2.2
55.733259999999994,-5.334415,16197.2104167,2.1
55.733380000000004,-5.332001999999999,16197.2125,1.7
55.7335,-5.328084,16197.214583300001,2.3
55.73355,-5.325825,16197.2159722,2.2
55.73364,-5.3227,16197.2180556,2.4
55.73376999999999,-5.320202,16197.2194444,1.7
55.733990000000006,-5.318002,16197.2208333,2.4
55.734359999999995,-5.315842,16197.2222222,2.2
55.73495,-5.313105,16197.224305599999,2.1
55.735580000000006,-5.310448,16197.2256944,2.2
55.736059999999995,-5.3082400000000005,16197.227777799999,2.1
55.73672,-5.304093,16197.2305556,1.9
55.7374,-5.300972,16197.232638899999,2.4
55.73799,-5.296208,16197.236111100001,2.2
55.73845,-5.292247,16197.2388889,2.0
55.739090000000004,-5.288178,16197.2416667,2.0
55.74033000000001,-5.285295,16197.2451389,0.7
55.7406,-5.284482,16197.2465278,1.3
55.741859999999996,-5.281562999999999,16197.2493056,2.1
55.74316999999999,-5.277758,16197.2520833,1.2
55.743469999999995,-5.276876000000001,16197.2534722,1.5
55.74331,-5.275167,16197.255555599999,3.6
55.7424,-5.272696,16197.2569444,2.2
55.74021,-5.267718,16197.259027799999,5.1
55.739540000000005,-5.26521,16197.260416699999,2.4
55.73899,-5.2630930000000005,16197.2618056,2.1
55.7379,-5.259715,16197.263888899999,2.4
55.73721,-5.257276999999999,16197.2659722,1.7
55.73613,-5.253133,16197.26875,2.3
55.73491,-5.249303,16197.2715278,2.7
55.7339,-5.246358,16197.2736111,2.2
55.73282,-5.243505,16197.275694400001,2.2
55.731930000000006,-5.240865,16197.277083300001,2.1
55.730830000000005,-5.237578,16197.2798611,2.4
55.72993,-5.234697,16197.28125,2.3
55.72909,-5.231992,16197.2833333,2.4
55.72823,-5.229822,16197.2847222,1.8
55.72736999999999,-5.228092,16197.2861111,2.7
55.72646999999999,-5.2264550000000005,16197.2875,2.3
55.725480000000005,-5.224928,16197.2888889,2.4
55.72441,-5.223592,16197.290277799999,2.4
55.72342,-5.222472,16197.291666699999,2.3
55.72231,-5.22163,16197.2930556,2.3
55.721109999999996,-5.220823,16197.2944444,1.9
55.72003,-5.2196,16197.2958333,2.4
55.719069999999995,-5.218007,16197.2972222,2.4
55.71815,-5.216318,16197.298611100001,2.3
55.717130000000004,-5.2143440000000005,16197.3,2.5
55.71601,-5.211887,16197.302083300001,2.4
55.715759999999996,-5.208476999999999,16197.3041667,3.0
55.71762,-5.205015,16197.30625,3.0
55.72061,-5.203869999999999,16197.3090278,2.8
55.72322,-5.204835,16197.3111111,2.3
55.72428000000001,-5.2063180000000004,16197.3125,2.4
55.72512,-5.208098000000001,16197.3138889,2.2
55.72591,-5.20976,16197.3152778,2.2
55.7266,-5.211657,16197.316666699999,2.1
55.727169999999994,-5.21362,16197.318055599999,2.2
55.72778,-5.215525,16197.3194444,2.2
55.72849,-5.217865,16197.321527799999,2.2
55.729569999999995,-5.221872,16197.3243056,2.2
55.7302,-5.224203,16197.3256944,2.5
55.73076,-5.226151,16197.3270833,2.1
55.731269999999995,-5.228153,16197.3284722,2.2
55.73175,-5.230196,16197.329861100001,2.3
55.732569999999996,-5.233978,16197.3326389,2.1
55.733309999999996,-5.238246,16197.3354167,2.4
55.734030000000004,-5.242472,16197.338194400001,2.2
55.734359999999995,-5.246915,16197.3409722,1.9
55.73464,-5.24988,16197.3423611,2.3
55.73491,-5.252065,16197.34375,2.3
55.735580000000006,-5.255038,16197.3458333,2.0
55.73593,-5.257206,16197.3472222,2.2
55.73621,-5.2595529999999995,16197.3486111,2.1
55.73644,-5.261817,16197.35,2.2
55.73718,-5.265528,16197.352777799999,2.4
55.737919999999995,-5.268137,16197.354166699999,2.4
55.73884,-5.2701150000000005,16197.3555556,2.1
55.73996999999999,-5.271116999999999,16197.3569444,2.4
55.7413,-5.271572,16197.3583333,2.0
55.74333000000001,-5.271383,16197.3604167,2.7
55.74449,-5.270962,16197.3618056,2.3
55.74592,-5.270142,16197.3631944,2.2
55.74706,-5.269483999999999,16197.364583300001,2.1
55.7483,-5.268663,16197.365972200001,2.2
55.749790000000004,-5.2675089999999996,16197.3680556,2.4
55.75216999999999,-5.265537999999999,16197.370833300001,2.5
55.75396,-5.264732,16197.3729167,2.5
55.757169999999995,-5.2645550000000005,16197.3763889,2.3
55.75976,-5.2645550000000005,16197.379166699999,2.5
55.761990000000004,-5.265662,16197.3819444,1.7
55.76426,-5.266738,16197.3847222,2.3
55.76671999999999,-5.2676099999999995,16197.3875,1.5
55.768719999999995,-5.268483,16197.3895833,2.0
55.769890000000004,-5.2691099999999995,16197.3909722,2.9
55.77135,-5.270473,16197.3930556,2.3
55.77293,-5.2720400000000005,16197.3951389,2.3
55.774719999999995,-5.27367,16197.397222200001,1.7
55.77542,-5.273998000000001,16197.3986111,0.7
55.77605,-5.274,16197.4,1.1
55.77686,-5.273662,16197.402083300001,1.0
55.7778,-5.272465,16197.4041667,0.7
55.77851,-5.27157,16197.4055556,1.2
55.780159999999995,-5.269474,16197.4076389,3.3
55.78001999999999,-5.269287,16197.4090278,2.7
55.78001,-5.268422,16197.410416699999,1.4
55.78018,-5.26756,16197.411805599999,2.1
55.78005,-5.266718,16197.4131944,4.0
55.77867,-5.264582,16197.415277799999,1.9
55.77477,-5.260033,16197.4180556,1.7
55.77293,-5.259663,16197.420138899999,2.5
55.771609999999995,-5.25949,16197.4215278,1.1
55.77049,-5.259823,16197.4229167,2.0
55.769290000000005,-5.2604120000000005,16197.4243056,1.8
55.768,-5.260797,16197.4256944,2.8
55.766819999999996,-5.261035,16197.427083300001,1.5
55.76485,-5.261394,16197.4298611,2.5
55.762840000000004,-5.261883,16197.431944400001,1.8
55.760380000000005,-5.261865,16197.4347222,2.4
55.75812,-5.262137999999999,16197.4368056,2.1
55.75686999999999,-5.26295,16197.4381944,2.4
55.755269999999996,-5.263514,16197.4402778,1.9
55.7537,-5.264233,16197.4423611,2.3
55.75198,-5.265912,16197.4444444,1.6
55.75091,-5.266868,16197.4458333,2.0
55.74977,-5.268202,16197.4472222,2.1
55.74889,-5.2694,16197.4486111,2.2
55.74775,-5.271138,16197.4506944,2.2
55.746359999999996,-5.273123,16197.4527778,2.2
55.744659999999996,-5.275403,16197.454861100001,1.9
55.74331,-5.275888,16197.4569444,1.9
55.74142,-5.274945,16197.4590278,2.7
55.74013000000001,-5.272017,16197.4611111,3.1
55.73939,-5.267915,16197.463194400001,1.9
55.739059999999995,-5.265635,16197.464583300001,2.4
55.73871,-5.263475,16197.4659722,2.5
55.73815,-5.260857,16197.4680556,2.6
55.737359999999995,-5.257452,16197.4701389,2.0
55.736369999999994,-5.253295,16197.472916699999,2.0
55.73516,-5.249345,16197.4756944,2.1
55.733819999999994,-5.245537000000001,16197.4784722,1.9
55.73303000000001,-5.243322,16197.4798611,2.4
55.731869999999994,-5.240355999999999,16197.4819444,2.3
55.73131,-5.2383120000000005,16197.4833333,2.6
55.7306,-5.236168,16197.4847222,2.2
55.729890000000005,-5.234053,16197.4868056,2.4
55.728790000000004,-5.230675,16197.4888889,2.2
55.727880000000006,-5.227792,16197.490972200001,2.4
55.7264,-5.223878,16197.49375,2.4
55.7247,-5.221312999999999,16197.495833300001,2.6
55.723580000000005,-5.2200370000000005,16197.4972222,2.4
55.722030000000004,-5.218518,16197.4993056,2.4
55.72064,-5.216658,16197.5006944,2.8
55.72153,-5.21265,16197.5027778,3.3
55.72376,-5.21097,16197.5048611,3.9
55.72589,-5.2134220000000004,16197.50625,3.4
55.72708000000001,-5.217312000000001,16197.509027799999,2.1
55.72756,-5.221364,16197.5111111,2.0
55.72785,-5.22384,16197.5131944,2.3
55.72831,-5.227083,16197.5152778,2.3
55.72922,-5.230427,16197.517361100001,2.4
55.7299,-5.233613,16197.5194444,2.3
55.73027,-5.235822,16197.520833300001,2.3
55.730959999999996,-5.238315,16197.5229167,2.4
55.73215,-5.241588,16197.525,2.3
55.732859999999995,-5.243862,16197.5263889,2.3
55.73335,-5.245698,16197.5277778,2.2
55.733819999999994,-5.247561,16197.5291667,2.3
55.7346,-5.250495,16197.53125,2.3
55.73539,-5.253253,16197.5333333,2.3
55.73625,-5.2562690000000005,16197.535416699999,2.3
55.737359999999995,-5.2603,16197.5381944,1.9
55.7379,-5.264467,16197.5409722,2.3
55.73818000000001,-5.269272,16197.54375,2.2
55.7388,-5.2737419999999995,16197.5465278,2.2
55.7388,-5.275888,16197.5479167,2.3
55.73854,-5.278039,16197.5493056,2.2
55.73814,-5.281126,16197.5513889,2.3
55.737919999999995,-5.284066999999999,16197.553472200001,2.2
55.73693000000001,-5.287463,16197.5555556,2.3
55.736180000000004,-5.289072,16197.556944400001,1.3
55.73608,-5.289778,16197.558333300001,0.8
55.73604,-5.290617,16197.5597222,0.9
55.736059999999995,-5.291518,16197.5611111,0.8
55.7364,-5.292562,16197.5631944,0.9
55.737790000000004,-5.293595,16197.5659722,2.6
55.73914,-5.2935300000000005,16197.568055599999,2.6
55.7394,-5.291827,16197.5701389,1.7
55.738490000000006,-5.292795,16197.5722222,5.2
55.735519999999994,-5.29804,16197.5743056,5.0
55.73246999999999,-5.303425,16197.576388899999,4.7
55.72967,-5.307748,16197.5784722,4.7
55.7263,-5.312975,16197.58125,2.2
55.72565,-5.314983,16197.583333300001,2.9
55.72275,-5.317978,16197.584722200001,2.3
55.721540000000005,-5.319187,16197.5868056,2.2
55.71974,-5.322252,16197.589583300001,2.2
55.717859999999995,-5.324605,16197.5923611,2.1
55.715680000000006,-5.325813,16197.5944444,2.0
55.714490000000005,-5.326073,16197.5958333,2.3
55.71343,-5.326907,16197.5972222,1.9
55.71241,-5.328633,16197.599305599999,2.1
55.710730000000005,-5.3316099999999995,16197.6020833,2.1
55.70904,-5.33513,16197.6048611,2.1
55.70831999999999,-5.336823000000001,16197.60625,2.1
55.70681999999999,-5.33991,16197.6090278,2.1
55.705180000000006,-5.34275,16197.6118056,2.0
55.70338,-5.345322,16197.614583300001,2.1
55.7021,-5.34701,16197.615972200001,2.1
55.70117,-5.348282,16197.6173611,2.2
55.70015,-5.349365,16197.61875,2.2
55.69911999999999,-5.350473,16197.6201389,2.1
55.69811,-5.351622,16197.6215278,2.0
55.69716999999999,-5.352869999999999,16197.6229167,2.1
55.69627,-5.354328,16197.6243056,2.2
55.695440000000005,-5.35588,16197.6256944,2.2
55.69472,-5.35783,16197.6270833,2.3
55.694269999999996,-5.359704,16197.6284722,2.3
55.6939,-5.361815,16197.6298611,2.3
55.6937,-5.36405,16197.63125,2.2
55.6936,-5.366658,16197.6333333,2.4
55.693819999999995,-5.370813,16197.635416699999,2.3
55.69384,-5.372823,16197.6368056,2.2
55.693740000000005,-5.3749720000000005,16197.6381944,2.3
55.69303000000001,-5.379005,16197.6409722,2.3
55.69236,-5.3833,16197.64375,2.2
55.69161,-5.387705,16197.6465278,2.6
55.68985,-5.39036,16197.6486111,2.6
55.68853000000001,-5.391648,16197.650694400001,2.2
55.68668,-5.394112000000001,16197.6527778,2.3
55.68581999999999,-5.395795,16197.6541667,2.4
55.684940000000005,-5.397083,16197.6555556,2.2
55.68395,-5.3981069999999995,16197.6569444,2.3
55.68283,-5.399076,16197.6583333,2.2
55.68178,-5.400225,16197.6597222,2.1
55.68083000000001,-5.40161,16197.6611111,2.1
55.67905,-5.404587,16197.6638889,2.1
55.67813,-5.406068,16197.665277799999,2.1
55.677209999999995,-5.40759,16197.666666699999,2.4
55.67625,-5.409053,16197.6680556,2.4
55.67521,-5.41027,16197.6694444,2.1
55.67406999999999,-5.411142,16197.6708333,2.3
55.671769999999995,-5.412205,16197.673611100001,2.1
55.67061999999999,-5.412278,16197.675,2.1
55.66949,-5.4132690000000006,16197.6763889,2.1
55.668330000000005,-5.413975,16197.6777778,2.5
55.66721,-5.414315,16197.6791667,2.0
55.666019999999996,-5.414832,16197.6805556,2.4
55.6648,-5.415273,16197.681944400001,2.2
55.66251,-5.416273,16197.6847222,2.3
55.66019,-5.417782,16197.6875,2.3
55.657669999999996,-5.420022,16197.6902778,2.2
55.6565,-5.421083,16197.6923611,2.2
55.65438,-5.42335,16197.6951389,2.5
55.652190000000004,-5.425502,16197.697916699999,2.0
55.6499,-5.4274379999999995,16197.7006944,2.2
55.647619999999996,-5.429412999999999,16197.7034722,2.4
55.64556999999999,-5.431712,16197.7055556,2.1
55.644569999999995,-5.43307,16197.7069444,2.3
55.64365,-5.434398000000001,16197.708333300001,2.5
55.64258,-5.435618,16197.709722200001,2.0
55.64155,-5.436628,16197.7111111,2.1
55.639230000000005,-5.438515,16197.7138889,2.1
55.63705,-5.441262999999999,16197.7166667,2.4
55.63559,-5.443417,16197.71875,2.1
55.63457,-5.4444870000000005,16197.7201389,2.5
55.63275,-5.446095,16197.7222222,2.4
55.63163,-5.446897,16197.7236111,2.3
55.6304,-5.4481,16197.725,2.1
55.628919999999994,-5.449380000000001,16197.7270833,2.6
55.627269999999996,-5.450994000000001,16197.729166699999,2.2
55.624790000000004,-5.4534650000000005,16197.7319444,2.4
55.62251,-5.454835,16197.7347222,2.4
55.619369999999996,-5.453837999999999,16197.7402778,1.1
55.61906,-5.4527470000000005,16197.7416667,1.1
55.61852,-5.450188,16197.744444400001,1.5
55.61854,-5.447188,16197.7472222,5.4
55.61846,-5.445601,16197.7486111,2.5
55.618469999999995,-5.4449629999999996,16197.75,2.2
55.61871,-5.444537,16197.7520833,2.2
55.620369999999994,-5.446503,16197.754166699999,3.7
55.61963000000001,-5.448503,16197.755555599999,2.2
55.593869999999995,-5.462937,16198.0944444,2.6
55.60069,-5.458961,16198.0972222,7.5
55.60485,-5.457877,16198.0986111,7.6
55.60771999999999,-5.457871,16198.1,4.5
55.6096,-5.457317,16198.1013889,3.8
55.61153,-5.457682,16198.102777799999,2.4
55.6138,-5.4576199999999995,16198.1048611,6.4
55.617580000000004,-5.4562029999999995,16198.1069444,2.9
55.62112,-5.455157,16198.1104167,2.7
55.62304,-5.453893,16198.1125,2.7
55.624880000000005,-5.45233,16198.1138889,2.5
55.6269,-5.450861,16198.1166667,2.4
55.630359999999996,-5.448997,16198.1201389,2.5
55.63287,-5.447847,16198.1229167,2.4
55.636219999999994,-5.446404,16198.1263889,2.4
55.63831,-5.445613,16198.1284722,2.2
55.64212,-5.4432480000000005,16198.1326389,2.3
55.64422,-5.441212999999999,16198.135416699999,2.5
55.645619999999994,-5.4394849999999995,16198.1368056,2.4
55.64669,-5.437957,16198.1381944,2.4
55.64793,-5.435884,16198.1402778,2.1
55.64923,-5.433398,16198.1416667,2.3
55.65071,-5.42995,16198.1444444,2.3
55.65265,-5.426208,16198.147222200001,2.5
55.6544,-5.424257,16198.1493056,2.3
55.65716,-5.421928,16198.1527778,2.5
55.65886,-5.421196,16198.1541667,2.5
55.660540000000005,-5.421282,16198.15625,2.5
55.6644,-5.421858,16198.1611111,2.4
55.667469999999994,-5.421925,16198.1631944,2.4
55.6727,-5.421542,16198.16875,2.4
55.67422,-5.421391000000001,16198.170138899999,2.3
55.675540000000005,-5.421272,16198.1715278,2.3
55.67774,-5.421105000000001,16198.173611100001,2.4
55.6819,-5.418758,16198.178472200001,2.3
55.68526,-5.414016999999999,16198.183333300001,2.4
55.68696,-5.410252,16198.1861111,2.3
55.68838,-5.406378,16198.1888889,2.3
55.689130000000006,-5.403562,16198.1902778,2.3
55.68962,-5.401555999999999,16198.191666699999,2.4
55.690169999999995,-5.399212,16198.193055599999,2.5
55.69066,-5.397053,16198.1944444,2.3
55.691419999999994,-5.39351,16198.1972222,2.3
55.69221999999999,-5.388999,16198.2,2.3
55.69269,-5.384248,16198.2027778,2.5
55.69291,-5.381464,16198.2041667,2.4
55.69305,-5.376632,16198.2069444,2.4
55.6933,-5.37139,16198.209722200001,2.3
55.69353,-5.3675,16198.2125,2.3
55.693780000000004,-5.363612,16198.214583300001,2.3
55.69396,-5.361033,16198.2159722,2.3
55.69471,-5.3582279999999995,16198.2180556,2.3
55.69555,-5.356339,16198.2194444,2.4
55.69713,-5.354062,16198.2215278,2.3
55.70095,-5.349035,16198.2263889,2.2
55.70534,-5.342048,16198.2333333,2.2
55.706480000000006,-5.340082,16198.2347222,2.2
55.70746,-5.338343,16198.236111100001,2.3
55.708459999999995,-5.336551999999999,16198.2381944,2.3
55.71056,-5.332757,16198.240972200001,2.4
55.71148,-5.330992,16198.2423611,2.4
55.712959999999995,-5.327915,16198.244444400001,2.4
55.713969999999996,-5.325582,16198.2465278,2.4
55.71545,-5.321853,16198.2493056,2.4
55.71714,-5.318137,16198.2520833,2.3
55.718959999999996,-5.314758,16198.2548611,2.3
55.720259999999996,-5.31233,16198.2576389,1.2
55.72093,-5.310517,16198.2597222,1.1
55.72124,-5.308617,16198.2625,1.3
55.72192,-5.30631,16198.2645833,1.1
55.72295,-5.304325,16198.2666667,6.8
55.72371999999999,-5.301937000000001,16198.2694444,1.3
55.724019999999996,-5.3019169999999995,16198.2715278,1.7
55.725069999999995,-5.300937,16198.2736111,6.3
55.72881999999999,-5.298244,16198.275,6.1
55.73299,-5.294192,16198.277083300001,3.1
55.73395,-5.2922839999999995,16198.2784722,2.0
55.73505,-5.290582,16198.2798611,4.5
55.73706,-5.284472,16198.2826389,2.2
55.737759999999994,-5.280835,16198.2847222,2.3
55.7384,-5.2786599999999995,16198.2861111,2.3
55.73862,-5.275317,16198.2881944,2.3
55.738609999999994,-5.271847,16198.290277799999,2.4
55.73843000000001,-5.269538,16198.291666699999,2.2
55.73818000000001,-5.26751,16198.2930556,2.3
55.73785,-5.265303,16198.2944444,2.2
55.737519999999996,-5.263137,16198.2958333,2.2
55.73712,-5.260837,16198.2972222,2.2
55.73648000000001,-5.257668,16198.2993056,2.4
55.73579,-5.25443,16198.3013889,2.4
55.73534,-5.252187999999999,16198.3027778,2.4
55.73471,-5.25009,16198.3041667,2.4
55.7341,-5.248462,16198.3055556,2.5
55.733019999999996,-5.245922,16198.3076389,2.4
55.7318,-5.242625,16198.3097222,2.4
55.7308,-5.239887,16198.3118056,2.3
55.7296,-5.236895,16198.3138889,2.3
55.728590000000004,-5.234468,16198.3159722,2.3
55.72651,-5.2301519999999995,16198.3194444,2.2
55.72472,-5.227768,16198.321527799999,2.2
55.72375,-5.22607,16198.322916699999,2.2
55.72295,-5.224268,16198.3243056,2.3
55.72214,-5.222503,16198.3256944,2.3
55.72094,-5.22046,16198.3277778,2.3
55.719440000000006,-5.21817,16198.329861100001,2.3
55.71844,-5.2168019999999995,16198.33125,2.2
55.71742,-5.215473,16198.3326389,2.3
55.7163,-5.214085,16198.3340278,2.2
55.715230000000005,-5.211432,16198.3361111,2.5
55.71592,-5.207647,16198.338194400001,3.2
55.717290000000006,-5.205687999999999,16198.339583300001,2.9
55.72022,-5.205407,16198.3423611,2.8
55.72261999999999,-5.208563,16198.3444444,2.5
55.72351,-5.210361,16198.3458333,2.3
55.724180000000004,-5.2121319999999995,16198.3472222,2.3
55.724790000000006,-5.214123000000001,16198.3486111,2.2
55.725480000000005,-5.216225,16198.35,2.3
55.726319999999994,-5.218707,16198.3520833,2.1
55.72695,-5.220593,16198.3534722,2.1
55.726980000000005,-5.22297,16198.3548611,2.4
55.72739,-5.225373,16198.35625,2.1
55.727880000000006,-5.227325,16198.357638899999,2.2
55.7284,-5.229269,16198.3590278,2.2
55.72925,-5.23196,16198.361111100001,2.2
55.73031999999999,-5.234833,16198.3631944,2.2
55.73115,-5.2365129999999995,16198.364583300001,2.4
55.73225,-5.237867,16198.365972200001,2.4
55.7334,-5.239057,16198.3673611,2.4
55.73554,-5.240657,16198.3701389,2.4
55.736869999999996,-5.241495,16198.3715278,2.3
55.73806999999999,-5.2423720000000005,16198.3729167,2.3
55.73925,-5.243302,16198.3743056,2.3
55.741659999999996,-5.244668,16198.3770833,2.4
55.74417,-5.24599,16198.3798611,2.2
55.7466,-5.247317,16198.3826389,2.4
55.747969999999995,-5.248028,16198.384027799999,2.3
55.749430000000004,-5.248782,16198.385416699999,2.2
55.750980000000006,-5.249502,16198.3875,2.2
55.75226,-5.250078,16198.388888899999,2.2
55.753930000000004,-5.250967,16198.3909722,2.2
55.755269999999996,-5.251912,16198.392361100001,2.2
55.75631,-5.252775,16198.39375,2.1
55.75761,-5.254034,16198.3951389,2.3
55.75873000000001,-5.25525,16198.3965278,2.2
55.76081,-5.2576730000000005,16198.3993056,2.3
55.761680000000005,-5.258698000000001,16198.400694400001,2.2
55.763009999999994,-5.260472,16198.4034722,1.1
55.76345,-5.260798,16198.4048611,1.0
55.76425,-5.261357,16198.4069444,1.0
55.76504,-5.261882,16198.4083333,1.2
55.765609999999995,-5.262397,16198.4097222,1.1
55.76699,-5.262772,16198.411805599999,2.1
55.766940000000005,-5.2626349999999995,16198.4138889,1.6
55.76696999999999,-5.26267,16198.415277799999,1.5
55.766090000000005,-5.262907,16198.4173611,3.3
55.763380000000005,-5.264487,16198.420138899999,5.9
55.7592,-5.265378,16198.4229167,2.3
55.757940000000005,-5.265795,16198.4243056,2.4
55.756209999999996,-5.266487000000001,16198.4263889,2.3
55.75394,-5.2676099999999995,16198.428472200001,2.3
55.7525,-5.26835,16198.4305556,2.2
55.750640000000004,-5.269309,16198.4326389,2.3
55.749219999999994,-5.270775,16198.4340278,2.3
55.747719999999994,-5.272912,16198.4361111,2.5
55.746,-5.2756870000000005,16198.4388889,2.4
55.74471,-5.277393,16198.4402778,2.4
55.74289,-5.277725,16198.4423611,2.5
55.74125,-5.276721,16198.44375,2.7
55.74021,-5.273937999999999,16198.4451389,3.1
55.73907,-5.269801999999999,16198.447916699999,2.5
55.738859999999995,-5.26741,16198.4493056,2.3
55.73868,-5.265123,16198.4506944,2.4
55.738080000000004,-5.263178,16198.4520833,2.3
55.73738,-5.26145,16198.4534722,2.3
55.73648000000001,-5.259695,16198.454861100001,2.4
55.73565,-5.257998000000001,16198.45625,2.3
55.73516,-5.255895,16198.4576389,2.2
55.73469,-5.253775,16198.4590278,2.2
55.73421,-5.25172,16198.4604167,2.2
55.73368000000001,-5.249697,16198.4618056,2.4
55.73313,-5.2476769999999995,16198.463194400001,2.1
55.732580000000006,-5.245633,16198.464583300001,2.3
55.73194,-5.243193,16198.4659722,2.2
55.73141,-5.241327,16198.4673611,2.3
55.7308,-5.239115,16198.46875,2.3
55.7302,-5.237147,16198.4701389,2.3
55.729569999999995,-5.235175,16198.4715278,2.3
55.72895,-5.233162999999999,16198.472916699999,2.3
55.72786,-5.23119,16198.475,2.4
55.726000000000006,-5.229113,16198.4770833,2.2
55.72444,-5.226618,16198.479166699999,2.3
55.723380000000006,-5.224948,16198.4805556,2.3
55.72246,-5.223567,16198.4819444,2.4
55.72141,-5.222119999999999,16198.4833333,2.4
55.72002,-5.220324,16198.4854167,2.2
55.71801,-5.217745,16198.4881944,2.3
55.71576999999999,-5.214763,16198.490972200001,2.3
55.713719999999995,-5.211973,16198.49375,2.4
55.71179,-5.208673,16198.4965278,2.3
55.710609999999996,-5.206153,16198.4986111,2.3
55.709430000000005,-5.203563,16198.5,2.4
55.708709999999996,-5.201507,16198.5013889,2.4
55.707640000000005,-5.198551999999999,16198.5034722,2.3
55.70678,-5.196308,16198.505555599999,2.3
55.7058,-5.193967,16198.5069444,2.4
55.704930000000004,-5.192130000000001,16198.5083333,2.4
55.703990000000005,-5.19024,16198.5097222,2.4
55.70318,-5.188697,16198.5111111,2.4
55.70234,-5.187125,16198.5125,2.3
55.701,-5.1848339999999995,16198.5145833,2.3
55.69906999999999,-5.181887000000001,16198.517361100001,2.3
55.697669999999995,-5.178242,16198.5201389,2.4
55.696090000000005,-5.1744769999999995,16198.5229167,2.3
55.69449,-5.170292,16198.525694400001,2.2
55.693819999999995,-5.168348,16198.527083300001,2.1
55.69254,-5.164804,16198.5298611,2.3
55.691140000000004,-5.16221,16198.5319444,2.3
55.68935,-5.159115,16198.5347222,2.2
55.68815,-5.156703,16198.536805599999,2.5
55.68767,-5.155282,16198.5388889,0.9
55.68711999999999,-5.15355,16198.541666699999,0.9
55.68634,-5.151345,16198.5444444,0.8
55.68521,-5.14733,16198.5472222,1.8
55.68549,-5.14715,16198.548611100001,1.8
55.685790000000004,-5.14734,16198.55,1.6
55.68614,-5.147897,16198.5513889,2.4
55.68751999999999,-5.148897,16198.553472200001,2.2
55.688930000000006,-5.149585,16198.5548611,4.4
55.69258000000001,-5.152165,16198.556944400001,2.0
55.694759999999995,-5.153537,16198.5597222,2.4
55.69681,-5.154547,16198.5618056,2.2
55.69883000000001,-5.155442,16198.5638889,2.4
55.700219999999995,-5.156378,16198.5652778,2.4
55.70134,-5.157627,16198.566666699999,2.3
55.70253,-5.15929,16198.56875,2.2
55.704280000000004,-5.1622129999999995,16198.5708333,2.5
55.70523000000001,-5.163782,16198.5722222,2.2
55.70674,-5.16617,16198.575,2.2
55.708769999999994,-5.169278,16198.5777778,2.2
55.710319999999996,-5.172771,16198.5805556,2.3
55.71144,-5.175637,16198.5826389,2.2
55.712830000000004,-5.178822,16198.584722200001,2.3
55.71366999999999,-5.180572,16198.5861111,2.3
55.715340000000005,-5.183903,16198.5888889,2.3
55.7162,-5.185919999999999,16198.5902778,2.3
55.716930000000005,-5.187819999999999,16198.5916667,2.4
55.717909999999996,-5.191285,16198.59375,2.3
55.71848000000001,-5.193278,16198.5951389,2.3
55.71915,-5.1952,16198.5965278,2.3
55.71986,-5.197098,16198.597916699999,2.3
55.72054,-5.198904,16198.599305599999,2.4
55.721169999999994,-5.201185,16198.6006944,2.4
55.72161,-5.20389,16198.602777799999,2.4
55.72201,-5.208458,16198.6055556,2.2
55.72288,-5.212587,16198.607638899999,2.4
55.7235,-5.21467,16198.6090278,2.4
55.72415,-5.216583,16198.6104167,2.4
55.724909999999994,-5.218735,16198.6118056,2.4
55.725609999999996,-5.22075,16198.6131944,2.4
55.72622,-5.2228699999999995,16198.614583300001,2.4
55.72682,-5.225204,16198.6166667,2.3
55.72795,-5.22949,16198.619444400001,2.3
55.72883,-5.23219,16198.620833300001,2.3
55.729519999999994,-5.234173,16198.6222222,2.3
55.730169999999994,-5.236219999999999,16198.6236111,2.3
55.73075,-5.238328,16198.625,2.3
55.73132,-5.240597,16198.6270833,2.3
55.73211,-5.243512,16198.6284722,2.3
55.732659999999996,-5.245604,16198.6298611,2.3
55.7335,-5.24828,16198.6319444,2.3
55.73426,-5.25058,16198.6333333,2.3
55.734809999999996,-5.252668,16198.6347222,2.2
55.73523,-5.254872,16198.6361111,2.3
55.735569999999996,-5.25713,16198.6375,2.3
55.7359,-5.259353,16198.638888899999,2.4
55.736259999999994,-5.261573,16198.6402778,2.3
55.736630000000005,-5.263448,16198.6416667,2.3
55.737280000000005,-5.266365,16198.64375,2.3
55.7381,-5.269657,16198.645833300001,2.3
55.73862,-5.2721,16198.647222200001,2.2
55.73891999999999,-5.27425,16198.6486111,2.2
55.73944,-5.277235,16198.650694400001,2.2
55.74043,-5.278830999999999,16198.652083300001,2.8
55.74281,-5.278626,16198.6541667,2.6
55.74475,-5.2773900000000005,16198.65625,2.4
55.74701999999999,-5.275113,16198.6590278,2.2
55.74879,-5.272883,16198.6611111,2.2
55.74995,-5.27182,16198.6625,2.4
55.751540000000006,-5.270196,16198.6645833,2.3
55.75265,-5.268693,16198.6659722,2.2
55.754709999999996,-5.2663269999999995,16198.66875,2.3
55.75654,-5.264578,16198.6708333,2.3
55.757630000000006,-5.263257,16198.6722222,2.5
55.75905,-5.260132,16198.675,2.2
55.760259999999995,-5.256138,16198.6777778,2.5
55.75954,-5.250982,16198.6805556,2.4
55.75852,-5.247247,16198.683333300001,2.6
55.75668,-5.24561,16198.6854167,2.4
55.75512,-5.24485,16198.6868056,2.5
55.7536,-5.24443,16198.6881944,2.2
55.7521,-5.24434,16198.6902778,2.3
55.7497,-5.245091,16198.6923611,2.3
55.74859,-5.246435,16198.69375,2.2
55.747780000000006,-5.247835,16198.6951389,2.4
55.746930000000006,-5.250158,16198.696527799999,2.4
55.74641,-5.252397,16198.697916699999,2.3
55.745830000000005,-5.254682,16198.7,2.2
55.744659999999996,-5.258572,16198.7027778,2.2
55.74333000000001,-5.262417,16198.7055556,2.2
55.742309999999996,-5.264997,16198.7069444,2.1
55.741609999999994,-5.266748000000001,16198.708333300001,2.1
55.74085,-5.268905,16198.7104167,2.3
55.740080000000006,-5.271313,16198.7118056,2.3
55.73888,-5.275318,16198.714583300001,2.5
55.738009999999996,-5.278725,16198.7166667,2.3
55.73755,-5.280697,16198.71875,1.0
55.737230000000004,-5.282642,16198.7215278,0.7
55.737190000000005,-5.283422,16198.722916699999,0.8
55.73716999999999,-5.284582,16198.724305599999,0.9
55.73692,-5.285944000000001,16198.7256944,1.3
55.73675,-5.287082,16198.7270833,0.4
55.73666,-5.289725,16198.7298611,2.4
55.736430000000006,-5.290385,16198.732638899999,1.5
55.73583000000001,-5.291564,16198.7354167,2.8
55.73471,-5.29659,16198.7375,3.6
55.73239,-5.301813,16198.739583300001,4.9
55.729890000000005,-5.307827,16198.740972200001,7.5
55.72687,-5.312676000000001,16198.74375,7.1
55.720980000000004,-5.322042,16198.7451389,7.1
55.719409999999996,-5.32412,16198.7472222,7.1
55.711090000000006,-5.33661,16198.75,6.9
55.70052,-5.349164,16198.7548611,6.8
55.692919999999994,-5.358037,16198.7583333,6.5
55.68801,-5.364173,16198.760416699999,6.6
55.68306,-5.370478,16198.7625,6.6
55.67805,-5.376844999999999,16198.7652778,6.7
55.6697,-5.38815,16198.76875,6.7
55.65781,-5.4037489999999995,16198.7743056,6.7
55.65506,-5.4082550000000005,16198.775694400001,6.6
55.65101,-5.414287,16198.7777778,6.6
55.642340000000004,-5.426317,16198.7819444,6.9
55.636869999999995,-5.432135,16198.7840278,7.1
55.63083,-5.438724,16198.786805599999,7.0
55.62477,-5.444294999999999,16198.7895833,7.1
55.606359999999995,-5.454487,16201.9361111,7.0
55.610209999999995,-5.453467,16201.9375,7.0
55.61561999999999,-5.451477,16201.9395833,7.2
55.62041,-5.449125,16201.941666699999,7.2
55.6263,-5.443821,16201.94375,7.3
55.63228,-5.438532,16201.9458333,7.2
55.63571999999999,-5.434830000000001,16201.9472222,7.3
55.63916,-5.43232,16201.9486111,7.3
55.64273000000001,-5.428812000000001,16201.95,7.3
55.649159999999995,-5.423018,16201.9527778,7.4
55.6574,-5.411935,16201.95625,7.4
55.66291999999999,-5.405285,16201.958333300001,7.2
55.668490000000006,-5.398772,16201.9604167,7.1
55.672369999999994,-5.394217,16201.9625,7.2
55.67844,-5.384965,16201.9652778,7.2
55.68781,-5.370665,16201.9694444,7.2
55.69286999999999,-5.362202,16201.9715278,7.1
55.6979,-5.354217,16201.974305599999,7.3
55.70243000000001,-5.347002,16201.9763889,7.3
55.70638,-5.340278,16201.977777799999,7.4
55.70905,-5.334892,16201.979166699999,7.3
55.71275,-5.324811,16201.9819444,7.3
55.71689,-5.313712000000001,16201.9840278,7.3
55.719030000000004,-5.308407,16201.9854167,7.2
55.722390000000004,-5.298828,16201.9875,7.2
55.725609999999996,-5.290038,16201.989583300001,7.1
55.7289,-5.279843,16201.9923611,7.2
55.730669999999996,-5.269568,16201.994444400001,7.4
55.73076999999999,-5.258001999999999,16201.9965278,7.4
55.730169999999994,-5.2464699999999995,16201.9986111,7.4
55.72874,-5.2356370000000005,16202.0006944,7.6
55.72729,-5.226763,16202.0027778,3.7
55.7267,-5.222688,16202.0048611,1.9
55.72551,-5.216022,16202.0069444,6.5
55.725030000000004,-5.212712000000001,16202.0083333,2.5
55.7246,-5.210428,16202.0097222,2.4
55.72401,-5.2083699999999995,16202.0111111,2.4
55.723319999999994,-5.206435,16202.0125,2.2
55.722609999999996,-5.204123,16202.0145833,2.2
55.72164,-5.20034,16202.0166667,2.2
55.72116,-5.198218,16202.0180556,2.3
55.72067,-5.196136,16202.0194444,2.2
55.7202,-5.194043,16202.020833300001,2.3
55.7194,-5.190454,16202.0236111,2.2
55.71833,-5.186262,16202.0263889,2.3
55.71699,-5.1823120000000005,16202.0291667,2.3
55.71536999999999,-5.178582,16202.0319444,2.4
55.713609999999996,-5.17504,16202.0347222,2.4
55.712109999999996,-5.1716,16202.036805599999,2.3
55.711240000000004,-5.169812,16202.0381944,2.4
55.710319999999996,-5.168126999999999,16202.0395833,2.4
55.7094,-5.1664650000000005,16202.0409722,2.4
55.70844,-5.164892,16202.0423611,2.4
55.707409999999996,-5.163418,16202.04375,2.3
55.70646,-5.162073,16202.045138899999,2.4
55.705490000000005,-5.160557,16202.0465278,2.3
55.70374,-5.157593,16202.0493056,2.3
55.7021,-5.155257,16202.0513889,2.3
55.70061,-5.152914,16202.053472200001,2.3
55.698890000000006,-5.1499,16202.05625,2.3
55.69729,-5.147373,16202.058333300001,2.3
55.69601,-5.145562,16202.0597222,2.3
55.69518000000001,-5.144032,16202.0611111,2.2
55.6943,-5.142355,16202.0625,2.4
55.69304,-5.139851999999999,16202.0645833,2.4
55.69205,-5.138021,16202.0659722,2.3
55.69072,-5.135438,16202.068055599999,2.3
55.68951,-5.132946,16202.0701389,2.4
55.688430000000004,-5.13049,16202.0722222,2.3
55.68695,-5.126998,16202.075,2.3
55.6857,-5.122992,16202.0777778,2.2
55.68468000000001,-5.119097,16202.079861100001,2.1
55.68403000000001,-5.117178,16202.08125,2.1
55.68345,-5.115433,16202.0826389,2.1
55.6828,-5.113517,16202.0840278,2.2
55.68215,-5.111637,16202.0854167,2.1
55.681509999999996,-5.109724,16202.0868056,2.3
55.68084,-5.10784,16202.088194400001,2.2
55.68019,-5.105657,16202.089583300001,2.3
55.67954,-5.103692,16202.0909722,2.2
55.67879,-5.101694999999999,16202.0930556,2.1
55.67781,-5.09898,16202.0944444,2.3
55.676840000000006,-5.096004,16202.0965278,2.2
55.6762,-5.09406,16202.097916699999,2.2
55.67547,-5.092232,16202.099305599999,2.3
55.67451,-5.089485,16202.1013889,2.4
55.67337,-5.086488,16202.1034722,2.3
55.672630000000005,-5.0848949999999995,16202.1048611,2.3
55.67184,-5.083327,16202.10625,2.2
55.671040000000005,-5.081544999999999,16202.107638899999,2.3
55.67004,-5.0787629999999995,16202.1097222,2.3
55.66883000000001,-5.0759419999999995,16202.1118056,2.4
55.66724,-5.0727,16202.114583300001,2.3
55.66593,-5.070113,16202.1166667,2.4
55.66444,-5.0677769999999995,16202.11875,2.3
55.662980000000005,-5.065478,16202.120833300001,2.3
55.661030000000004,-5.062423,16202.1236111,2.3
55.65941,-5.060751,16202.1256944,2.4
55.65755,-5.059532,16202.1277778,2.3
55.6557,-5.058605,16202.1298611,2.3
55.653830000000006,-5.057498000000001,16202.1319444,2.1
55.652480000000004,-5.056687,16202.1333333,2.2
55.65028,-5.055257,16202.1361111,2.2
55.6481,-5.053726999999999,16202.138888899999,2.3
55.645959999999995,-5.052238,16202.1416667,2.1
55.64363,-5.050643,16202.1444444,2.2
55.6413,-5.048907,16202.147222200001,2.1
55.63924,-5.046747,16202.1493056,2.2
55.63825,-5.045382,16202.150694400001,2.2
55.63681999999999,-5.043085,16202.1527778,2.1
55.63593,-5.041615,16202.1541667,2.0
55.63502,-5.040108,16202.1555556,2.2
55.63418000000001,-5.038833,16202.1569444,2.0
55.63318,-5.037355000000001,16202.1583333,2.4
55.63219,-5.035880000000001,16202.1597222,2.3
55.631190000000004,-5.034355000000001,16202.1611111,2.2
55.63025,-5.0328,16202.1625,2.1
55.6294,-5.031426000000001,16202.1638889,2.2
55.628519999999995,-5.030017,16202.165277799999,2.4
55.62757,-5.028558,16202.166666699999,2.3
55.62659,-5.027108,16202.1680556,2.2
55.625569999999996,-5.02562,16202.1694444,2.5
55.624159999999996,-5.02369,16202.1715278,2.2
55.622969999999995,-5.021605999999999,16202.173611100001,2.3
55.621869999999994,-5.018748,16202.175,2.5
55.621219999999994,-5.016935,16202.1763889,2.4
55.620540000000005,-5.014975,16202.1777778,2.1
55.619780000000006,-5.013105,16202.1791667,2.3
55.618869999999994,-5.011678,16202.1805556,2.2
55.617819999999995,-5.01041,16202.181944400001,2.1
55.61646999999999,-5.00948,16202.183333300001,2.6
55.61436,-5.009053,16202.1861111,2.0
55.61179,-5.010197,16202.1888889,2.2
55.61003,-5.011318,16202.1909722,1.5
55.60951,-5.011203,16202.1923611,0.6
55.609019999999994,-5.01128,16202.19375,0.9
55.60845,-5.011647,16202.1951389,1.2
55.60788,-5.011611,16202.196527799999,0.9
55.60739,-5.0117080000000005,16202.197916699999,1.0
55.60649,-5.012005,16202.2,4.1
55.60569,-5.011915,16202.201388899999,1.4
55.604209999999995,-5.013158,16202.2034722,2.5
55.60431,-5.012823,16202.2055556,2.0
55.603880000000004,-5.012575,16202.2076389,2.9
55.60183000000001,-5.012677,16202.209722200001,3.0
55.59873,-5.01322,16202.2111111,1.9
55.59692,-5.013285,16202.213194400001,2.2
55.59575,-5.01429,16202.214583300001,2.4
55.59476,-5.015728,16202.2159722,2.4
55.59395,-5.017555000000001,16202.2173611,2.3
55.59332,-5.019398000000001,16202.21875,2.1
55.592380000000006,-5.023,16202.2215278,2.1
55.591269999999994,-5.026598,16202.224305599999,2.0
55.58999,-5.030241,16202.2270833,2.3
55.58803,-5.032653,16202.229166699999,2.5
55.58661,-5.03268,16202.2305556,2.5
55.5853,-5.0324029999999995,16202.2319444,2.2
55.58355,-5.032242,16202.2340278,2.4
55.58128000000001,-5.032083999999999,16202.2368056,2.3
55.57866,-5.0322379999999995,16202.239583300001,2.3
55.57629,-5.032289,16202.2416667,2.3
55.57479,-5.032335,16202.24375,2.2
55.572359999999996,-5.032353,16202.2465278,2.3
55.56984,-5.032362,16202.2493056,2.3
55.56788,-5.032343,16202.2513889,2.2
55.56612,-5.0324349999999995,16202.2534722,2.4
55.56443,-5.032425,16202.2548611,2.4
55.561840000000004,-5.032275,16202.2576389,2.2
55.56049,-5.032232,16202.2597222,2.1
55.55816,-5.032267,16202.2618056,2.3
55.55679,-5.03218,16202.2631944,2.1
55.55554,-5.0319650000000005,16202.2645833,2.1
55.55437,-5.03174,16202.2659722,2.3
55.55321,-5.031432,16202.267361100001,2.4
55.55145,-5.0307260000000005,16202.2694444,2.2
55.549490000000006,-5.030056,16202.2715278,2.2
55.54824,-5.029733,16202.2729167,2.1
55.54701,-5.029676,16202.2743056,2.1
55.54583,-5.029776999999999,16202.275694400001,2.2
55.54456999999999,-5.0300080000000005,16202.277083300001,2.0
55.54278000000001,-5.030678,16202.2791667,2.3
55.54091999999999,-5.031775,16202.28125,2.2
55.53913000000001,-5.0327720000000005,16202.2833333,2.3
55.536390000000004,-5.0332669999999995,16202.2861111,2.3
55.5349,-5.033162,16202.2881944,2.3
55.53255,-5.03256,16202.290277799999,2.3
55.5313,-5.0321,16202.291666699999,2.3
55.53006,-5.031593,16202.2930556,2.4
55.52881,-5.0311129999999995,16202.2944444,2.4
55.5276,-5.030583,16202.2958333,2.2
55.52641,-5.030075,16202.2972222,2.2
55.525169999999996,-5.029637,16202.298611100001,2.3
55.52393000000001,-5.029362,16202.3,2.2
55.52225,-5.02914,16202.302083300001,2.3
55.49723,-5.3918,16203.1090278,7.9
55.493930000000006,-5.389532,16203.1104167,8.1
55.48775,-5.3855319999999995,16203.1125,7.8
55.48359,-5.383165,16203.1138889,8.0
55.479569999999995,-5.379843,16203.1152778,8.1
55.47206,-5.374535,16203.1180556,8.1
55.46434,-5.3701,16203.1201389,7.3
55.46086999999999,-5.3678870000000005,16203.1215278,7.5
55.45491,-5.364885,16203.1236111,6.2
55.45115,-5.362912000000001,16203.1263889,2.6
55.4479,-5.360816000000001,16203.1284722,2.6
55.446569999999994,-5.360158,16203.1298611,2.2
55.44521999999999,-5.3596900000000005,16203.13125,2.7
55.443909999999995,-5.359568,16203.1326389,2.2
55.44265,-5.359542,16203.134027799999,2.1
55.44135,-5.3595809999999995,16203.135416699999,2.5
55.44007,-5.359642,16203.1368056,2.5
55.43877,-5.359685,16203.1381944,2.2
55.437490000000004,-5.3597019999999995,16203.1395833,2.3
55.43622,-5.359704,16203.1409722,2.4
55.43492,-5.359712,16203.142361100001,2.5
55.433609999999994,-5.359758,16203.14375,2.4
55.43102,-5.359879,16203.1465278,2.5
55.42848000000001,-5.3604400000000005,16203.1493056,2.5
55.426069999999996,-5.361013,16203.152083300001,2.2
55.423480000000005,-5.360558999999999,16203.1548611,2.3
55.4209,-5.36045,16203.1576389,2.5
55.41834,-5.360997,16203.160416699999,2.4
55.415859999999995,-5.361782,16203.1631944,2.4
55.41335,-5.362425,16203.1659722,2.3
55.410830000000004,-5.36291,16203.1680556,2.3
55.40947,-5.363085,16203.1694444,2.3
55.4082,-5.363268,16203.1708333,2.3
55.406969999999994,-5.363403,16203.1722222,2.2
55.405640000000005,-5.363198000000001,16203.173611100001,2.4
55.40435,-5.36268,16203.175,2.4
55.40194,-5.36154,16203.1777778,1.9
55.39949,-5.360015,16203.1805556,2.4
55.397380000000005,-5.356973,16203.183333300001,2.5
55.39553000000001,-5.354177,16203.1861111,2.5
55.39363,-5.3509720000000005,16203.1888889,2.3
55.39199,-5.347512,16203.191666699999,2.3
55.39034,-5.344162,16203.19375,2.5
55.3895,-5.342403,16203.1951389,2.3
55.388659999999994,-5.340603,16203.196527799999,2.5
55.387859999999996,-5.338763,16203.197916699999,2.3
55.387209999999996,-5.336988,16203.1993056,2.3
55.386590000000005,-5.334937,16203.2006944,2.4
55.38618,-5.332747,16203.2020833,2.4
55.385830000000006,-5.33054,16203.2034722,2.3
55.38551999999999,-5.32835,16203.204861100001,2.3
55.38521,-5.326125,16203.20625,2.3
55.38488,-5.323967,16203.2076389,2.2
55.38456,-5.3219199999999995,16203.2090278,2.4
55.383880000000005,-5.31768,16203.2118056,2.1
55.383480000000006,-5.315427,16203.213194400001,2.2
55.382830000000006,-5.311137,16203.2159722,2.3
55.38224,-5.306692,16203.21875,2.4
55.38156,-5.3021720000000006,16203.2215278,2.5
55.38084,-5.297625,16203.224305599999,2.3
55.38019,-5.293278,16203.2270833,2.3
55.3796,-5.289128,16203.229166699999,2.6
55.379259999999995,-5.286887999999999,16203.2305556,2.2
55.378919999999994,-5.284655,16203.2319444,2.4
55.378569999999996,-5.282587,16203.2333333,2.6
55.378190000000004,-5.280337,16203.2347222,2.4
55.37783,-5.278091000000001,16203.236111100001,2.4
55.37746,-5.275869999999999,16203.2375,2.2
55.37708000000001,-5.273675,16203.2388889,2.4
55.37673,-5.27148,16203.2402778,2.2
55.37639,-5.269253,16203.2416667,2.3
55.37602,-5.267035,16203.2430556,2.4
55.375659999999996,-5.265069,16203.244444400001,2.4
55.37525,-5.262905,16203.245833300001,2.3
55.37484,-5.260707,16203.2472222,2.5
55.37444,-5.258541999999999,16203.2486111,2.3
55.3737,-5.254344000000001,16203.2513889,2.2
55.372840000000004,-5.24996,16203.254166699999,2.3
55.37206,-5.245815,16203.2569444,2.3
55.37124,-5.242015,16203.259027799999,2.1
55.3708,-5.239878,16203.260416699999,2.3
55.370369999999994,-5.237755,16203.2618056,2.1
55.369969999999995,-5.2358400000000005,16203.2631944,1.8
55.36983000000001,-5.234792,16203.2645833,0.9
55.36955,-5.233825,16203.2659722,1.0
55.369,-5.232759,16203.267361100001,1.4
55.36846,-5.232143,16203.26875,0.9
55.36688,-5.232797,16203.2715278,1.6
55.36716,-5.233531,16203.2743056,1.8
55.36711,-5.231863,16203.2763889,3.7
55.3668,-5.229645,16203.2777778,2.3
55.36615,-5.22295,16203.2805556,2.4
55.36596,-5.218255999999999,16203.2833333,2.4
55.365759999999995,-5.2136,16203.2861111,2.5
55.36561,-5.2093,16203.2881944,2.4
55.36554,-5.20696,16203.2895833,2.5
55.36545,-5.204618,16203.2909722,2.3
55.36518,-5.202357,16203.2923611,2.3
55.36476999999999,-5.200362999999999,16203.29375,2.3
55.364169999999994,-5.198307,16203.295138899999,2.4
55.363609999999994,-5.196445,16203.2965278,2.3
55.363040000000005,-5.194425,16203.2979167,2.2
55.36249,-5.192362,16203.2993056,2.4
55.36141,-5.188418,16203.302083300001,2.2
55.36031,-5.184565,16203.3048611,2.2
55.35913000000001,-5.180763,16203.3076389,2.4
55.35768,-5.177257,16203.3097222,2.3
55.35575,-5.174475,16203.3125,2.4
55.354690000000005,-5.173015,16203.3138889,2.5
55.35369,-5.171391000000001,16203.3152778,2.4
55.35281,-5.1696550000000006,16203.316666699999,2.4
55.35201,-5.168033,16203.318055599999,2.4
55.35123000000001,-5.166212000000001,16203.3194444,2.3
55.35051,-5.164319,16203.3208333,2.2
55.34933,-5.161157,16203.3236111,2.2
55.347809999999996,-5.15717,16203.326388899999,2.3
55.34658,-5.153448,16203.3284722,2.3
55.34595,-5.151607,16203.329861100001,2.2
55.34522,-5.1496010000000005,16203.33125,2.3
55.34457,-5.1476370000000005,16203.3326389,2.4
55.34394,-5.145625,16203.3340278,2.4
55.343430000000005,-5.143463,16203.3354167,2.7
55.34336999999999,-5.1410599999999995,16203.3368056,2.5
55.34358,-5.138655,16203.338194400001,2.5
55.34393000000001,-5.136327,16203.339583300001,2.3
55.344590000000004,-5.131865,16203.3423611,2.3
55.34511,-5.127173,16203.3451389,2.5
55.345580000000005,-5.122717,16203.347916699999,2.4
55.34725,-5.118632,16203.3506944,2.6
55.34928000000001,-5.115063,16203.3534722,2.5
55.3512,-5.111681,16203.35625,2.6
55.353640000000006,-5.108925,16203.3590278,2.8
55.35637,-5.1071599999999995,16203.3618056,2.6
55.35875,-5.105093,16203.3638889,2.4
55.35991,-5.104123,16203.3652778,2.5
55.361180000000004,-5.1030370000000005,16203.3666667,2.4
55.36245,-5.101964,16203.3680556,2.5
55.36371,-5.100937999999999,16203.369444400001,2.4
55.36492,-5.099864,16203.370833300001,2.5
55.366119999999995,-5.098615000000001,16203.3722222,2.6
55.367290000000004,-5.09734,16203.3736111,2.4
55.3683,-5.095967,16203.375,2.4
55.36926,-5.09425,16203.3763889,2.3
55.3701,-5.092415,16203.3777778,2.3
55.37088000000001,-5.090575,16203.379166699999,2.4
55.37165,-5.088744999999999,16203.380555599999,2.2
55.37315,-5.085122,16203.3833333,2.4
55.3741,-5.081168,16203.3861111,2.4
55.374930000000006,-5.076817,16203.388888899999,2.2
55.37583000000001,-5.0726629999999995,16203.3909722,2.3
55.37631,-5.0704769999999995,16203.392361100001,2.4
55.376780000000004,-5.06846,16203.39375,2.4
55.3773,-5.066305000000001,16203.3951389,2.4
55.37778,-5.064291000000001,16203.3965278,2.3
55.37831,-5.062119,16203.3979167,2.4
55.379419999999996,-5.0581949999999996,16203.400694400001,2.5
55.38115,-5.054352,16203.4034722,2.5
55.38301,-5.051105000000001,16203.40625,2.2
55.38508,-5.048843,16203.4090278,2.2
55.38729,-5.046993,16203.4111111,2.3
55.38839,-5.045917,16203.4125,2.1
55.39071,-5.046092,16203.415277799999,2.8
55.39341999999999,-5.045498,16203.4180556,2.4
55.39566,-5.043928,16203.4208333,1.3
55.397059999999996,-5.04352,16203.423611100001,1.3
55.39849,-5.042763,16203.4256944,0.9
55.39975,-5.04207,16203.428472200001,1.8
55.39985,-5.041705,16203.43125,1.7
55.40051,-5.04007,16203.4340278,1.5
55.40282,-5.0355300000000005,16203.4361111,3.5
55.40501,-5.0326699999999995,16203.4388889,2.7
55.40746,-5.0304720000000005,16203.441666699999,2.3
55.40971999999999,-5.028412,16203.44375,2.3
55.410830000000004,-5.027613,16203.4451389,2.3
55.41206999999999,-5.026782,16203.446527799999,2.3
55.41421999999999,-5.0251019999999995,16203.4493056,2.4
55.41692,-5.023115,16203.4520833,2.3
55.41864,-5.021678,16203.4541667,2.3
55.420019999999994,-5.020327,16203.4555556,2.3
55.42135,-5.0190269999999995,16203.4576389,2.3
55.423559999999995,-5.017308,16203.459722200001,2.4
55.42485,-5.0166580000000005,16203.4611111,2.4
55.426030000000004,-5.01596,16203.4625,2.2
55.42711,-5.015194999999999,16203.4638889,2.3
55.429390000000005,-5.01288,16203.4666667,2.3
55.43135,-5.010487,16203.4694444,2.2
55.4335,-5.008032,16203.4722222,2.2
55.704730000000005,-4.972225,16204.302083300001,2.1
55.70304,-4.969612000000001,16204.3048611,1.8
55.70052,-4.9653220000000005,16204.306944400001,3.1
55.69968000000001,-4.964028,16204.308333300001,2.2
55.698719999999994,-4.96258,16204.3097222,2.2
55.69695,-4.959688,16204.3125,2.3
55.6942,-4.9597,16204.3152778,2.8
55.692119999999996,-4.962337000000001,16204.3173611,3.3
55.691680000000005,-4.967164,16204.3194444,3.1
55.69186,-4.970023,16204.3208333,2.7
55.69234,-4.972335,16204.3222222,2.8
55.69311999999999,-4.974667,16204.3236111,2.6
55.694790000000005,-4.978332,16204.326388899999,2.6
55.696169999999995,-4.980247,16204.3277778,2.6
55.69732,-4.9818620000000005,16204.3291667,2.7
55.69842,-4.983547,16204.3305556,2.6
55.6999,-4.98602,16204.3326389,2.4
55.701159999999994,-4.988338,16204.334722200001,2.4
55.702369999999995,-4.991416,16204.3368056,2.4
55.703619999999994,-4.997015,16204.3402778,2.4
55.704730000000005,-5.000017,16204.3423611,2.3
55.705890000000004,-5.002605,16204.3444444,2.3
55.707469999999994,-5.006283,16204.3472222,2.4
55.70955,-5.008749,16204.349305599999,2.4
55.71089,-5.009053,16204.3506944,2.6
55.71355,-5.007953,16204.3534722,2.7
55.71463000000001,-5.005525,16204.3548611,2.9
55.714859999999994,-5.002604,16204.35625,2.7
55.71464,-5.000031,16204.357638899999,2.6
55.71419,-4.997742,16204.3590278,2.3
55.7137,-4.9935279999999995,16204.3618056,2.2
55.71272,-4.989552,16204.364583300001,2.2
55.71196,-4.986583,16204.3666667,2.2
55.7112,-4.983948000000001,16204.36875,2.2
55.710080000000005,-4.9801269999999995,16204.370833300001,2.2
55.70944,-4.978442,16204.3722222,2.1
55.708769999999994,-4.976797,16204.3736111,2.2
55.707159999999995,-4.973607,16204.3763889,2.2
55.705259999999996,-4.970662,16204.379166699999,2.2
55.703540000000004,-4.967886,16204.3819444,2.2
55.7019,-4.964175,16204.3847222,2.2
55.70016999999999,-4.96097,16204.3875,2.2
55.698069999999994,-4.9589,16204.3902778,2.5
55.69543,-4.9591650000000005,16204.3930556,2.4
55.69365,-4.962348,16204.3951389,3.3
55.69419,-4.968133,16204.3979167,2.8
55.695609999999995,-4.972394,16204.400694400001,2.5
55.69685,-4.976348000000001,16204.4034722,2.4
55.698080000000004,-4.980316999999999,16204.4055556,2.5
55.698809999999995,-4.982083,16204.4069444,2.4
55.69955,-4.984042,16204.4083333,2.3
55.70012,-4.9859290000000005,16204.4097222,2.4
55.7008,-4.987933,16204.4111111,2.3
55.70158000000001,-4.989823,16204.4125,2.4
55.702659999999995,-4.99257,16204.4145833,2.3
55.70346,-4.995985,16204.416666699999,2.4
55.70384,-5.000275,16204.4194444,2.3
55.70414,-5.003573,16204.4215278,2.2
55.70465,-5.007692,16204.4243056,2.2
55.705180000000006,-5.011803,16204.4263889,2.3
55.705459999999995,-5.014068,16204.4277778,2.4
55.705940000000005,-5.0171,16204.4298611,2.4
55.70636999999999,-5.019337999999999,16204.43125,2.4
55.707080000000005,-5.022227,16204.433333300001,2.3
55.70814,-5.025208,16204.4354167,2.3
55.7094,-5.027955,16204.4375,2.4
55.71005,-5.031268,16204.4395833,2.4
55.711169999999996,-5.03501,16204.441666699999,2.3
55.711769999999994,-5.03683,16204.443055599999,2.3
55.71235,-5.037943,16204.4444444,1.1
55.71321,-5.038619000000001,16204.446527799999,1.2
55.714180000000006,-5.038925,16204.4486111,1.2
55.7155,-5.03854,16204.4506944,1.2
55.71773,-5.038505000000001,16204.4534722,1.8
55.71815,-5.038517,16204.45625,1.7
55.717909999999996,-5.037792,16204.458333300001,2.8
55.71703,-5.03927,16204.459722200001,1.6
55.716440000000006,-5.040421,16204.4611111,1.5
55.71453,-5.048383,16204.4659722,2.7
55.716190000000005,-5.052222,16204.4680556,2.4
55.71651,-5.054308,16204.4694444,2.1
55.716640000000005,-5.056358,16204.4708333,2.8
55.7172,-5.058353,16204.4722222,1.9
55.71775,-5.06033,16204.4736111,2.5
55.71825,-5.06236,16204.475,1.8
55.71861,-5.064527,16204.4763889,2.2
55.71876999999999,-5.066775,16204.477777799999,2.5
55.71912,-5.0689779999999995,16204.479166699999,2.7
55.71974,-5.07092,16204.4805556,1.9
55.72048,-5.072572,16204.4819444,2.2
55.72249,-5.075191,16204.4847222,2.4
55.72472,-5.0772699999999995,16204.4875,2.5
55.7272,-5.0795069999999996,16204.4902778,2.4
55.729130000000005,-5.0825569999999995,16204.4930556,2.2
55.73045,-5.085687,16204.4951389,2.2
55.73132,-5.087893,16204.4965278,1.9
55.73185,-5.089963,16204.4979167,2.4
55.73216,-5.092186,16204.4993056,2.2
55.732319999999994,-5.09416,16204.5006944,2.2
55.73251,-5.0962629999999995,16204.5020833,2.0
55.732440000000004,-5.09846,16204.5034722,2.3
55.73211,-5.100615,16204.5048611,2.1
55.730630000000005,-5.103197,16204.5069444,2.6
55.7293,-5.104767,16204.509027799999,1.6
55.727309999999996,-5.106847,16204.5118056,2.4
55.726519999999994,-5.1086480000000005,16204.5131944,2.3
55.7271,-5.112968,16204.5159722,2.6
55.72908,-5.116388,16204.51875,2.2
55.73101,-5.119102,16204.520833300001,2.4
55.73199,-5.120818,16204.5229167,2.2
55.73347,-5.124185,16204.525,2.5
55.734140000000004,-5.125947,16204.5263889,2.1
55.734880000000004,-5.127887,16204.5277778,2.6
55.73559,-5.129832,16204.5291667,2.2
55.736309999999996,-5.131735,16204.5305556,2.0
55.737019999999994,-5.13365,16204.5319444,2.2
55.73775,-5.1355319999999995,16204.5333333,2.3
55.738719999999994,-5.13828,16204.535416699999,2.1
55.739380000000004,-5.140217,16204.536805599999,2.0
55.74,-5.142223,16204.5381944,2.3
55.7406,-5.14419,16204.5395833,2.3
55.741519999999994,-5.1470769999999995,16204.541666699999,2.3
55.74255,-5.14962,16204.54375,2.1
55.74389,-5.153125,16204.5465278,2.3
55.74483000000001,-5.155998,16204.548611100001,2.2
55.745630000000006,-5.158228,16204.55,2.2
55.74655,-5.160595,16204.552083300001,2.3
55.74808,-5.164462,16204.5548611,2.1
55.749480000000005,-5.168205,16204.5576389,2.4
55.75114,-5.17123,16204.5604167,2.3
55.75311,-5.173782,16204.5631944,2.1
55.75508000000001,-5.175603,16204.5652778,2.1
55.75601999999999,-5.176621,16204.566666699999,2.0
55.756980000000006,-5.177825,16204.568055599999,2.0
55.75795,-5.179117,16204.5694444,2.1
55.758959999999995,-5.180312000000001,16204.5708333,2.2
55.76033,-5.181843,16204.572916699999,2.2
55.76201,-5.18315,16204.575,2.2
55.76401,-5.18444,16204.5770833,2.1
55.765069999999994,-5.185292,16204.5784722,2.2
55.766169999999995,-5.186335,16204.579861100001,2.3
55.76681,-5.186938,16204.58125,0.9
55.76732,-5.187252,16204.5826389,1.1
55.76817,-5.187378,16204.584722200001,1.5
55.76959,-5.187171,16204.5875,2.6
55.770480000000006,-5.18694,16204.589583300001,1.5
55.770630000000004,-5.186792,16204.5916667,1.6
55.770590000000006,-5.18661,16204.59375,2.3
55.77273,-5.189287,16204.5958333,5.6
55.775059999999996,-5.1913,16204.5972222,2.1
55.77612,-5.191928,16204.5986111,2.3
55.77729,-5.192662,16204.6,1.9
55.779630000000004,-5.194358,16204.602777799999,2.2
55.780840000000005,-5.195355,16204.6048611,2.0
55.78309,-5.197227,16204.607638899999,2.3
55.784569999999995,-5.198442,16204.6090278,2.2
55.785959999999996,-5.199604,16204.611111100001,2.1
55.78839,-5.201435,16204.6138889,2.1
55.78941999999999,-5.20248,16204.6152778,2.4
55.78858,-5.211518,16204.620833300001,2.6
55.78767,-5.215955,16204.6236111,2.7
55.7865,-5.22039,16204.6263889,2.0
55.78592,-5.2228330000000005,16204.6284722,2.3
55.78526,-5.226243,16204.630555599999,2.3
55.78428,-5.230387,16204.6333333,2.3
55.782219999999995,-5.236846,16204.6381944,2.2
55.7809,-5.240657,16204.6409722,2.1
55.77966,-5.244619999999999,16204.64375,2.5
55.77831,-5.248295,16204.645833300001,2.3
55.776990000000005,-5.25113,16204.6486111,2.6
55.774930000000005,-5.255401999999999,16204.652083300001,2.4
55.77381999999999,-5.257665,16204.6534722,2.3
55.77264,-5.260218,16204.6555556,2.0
55.77179,-5.262058000000001,16204.6569444,2.4
55.77103,-5.26366,16204.6583333,2.0
55.770219999999995,-5.265402,16204.6597222,2.2
55.76944,-5.267144999999999,16204.6611111,2.2
55.76874,-5.268754,16204.6625,2.4
55.76789,-5.2706919999999995,16204.6638889,2.4
55.767109999999995,-5.2722370000000005,16204.665277799999,2.0
55.76589,-5.274093,16204.6673611,2.7
55.7632,-5.272945,16204.6694444,3.2
55.761,-5.2705150000000005,16204.6715278,2.3
55.75931,-5.269008,16204.673611100001,2.3
55.75745,-5.268422,16204.6756944,2.4
55.75513,-5.268777,16204.6777778,2.6
55.75326,-5.269233,16204.6798611,2.1
55.751780000000004,-5.269659,16204.68125,2.2
55.750690000000006,-5.270167,16204.6826389,2.0
55.74961,-5.271243,16204.6840278,2.2
55.748169999999995,-5.273301999999999,16204.6861111,2.4
55.747069999999994,-5.275363,16204.6881944,2.1
55.74592,-5.277379,16204.6895833,2.0
55.74435,-5.2801800000000005,16204.6923611,2.1
55.74289,-5.282705,16204.6944444,2.2
55.741730000000004,-5.284503,16204.696527799999,2.2
55.739630000000005,-5.287998,16204.6993056,2.2
55.738769999999995,-5.289630000000001,16204.7006944,2.3
55.73794,-5.2910699999999995,16204.7020833,2.2
55.73692,-5.291908,16204.7041667,1.2
55.73587,-5.292692,16204.70625,1.2
55.73516,-5.292553,16204.7076389,1.2
55.73411,-5.291887,16204.709722200001,1.4
55.7335,-5.290923,16204.7111111,1.6
55.73264,-5.289377,16204.713194400001,1.9
55.73229,-5.288962000000001,16204.7159722,1.9
55.731590000000004,-5.290065,16204.7180556,3.2
55.730109999999996,-5.29282,16204.7194444,3.5
55.7268,-5.296391000000001,16204.7215278,6.9
55.72309,-5.304693,16204.7236111,7.3
55.71913000000001,-5.31344,16204.7263889,7.2
55.71552,-5.320367,16204.727777799999,7.3
55.71238,-5.325768,16204.729166699999,7.2
55.70646,-5.336652,16204.732638899999,7.5
55.6951,-5.35766,16204.7381944,7.4
55.69105,-5.364038,16204.739583300001,7.3
55.688219999999994,-5.368395,16204.740972200001,7.4
55.682280000000006,-5.37735,16204.74375,7.4
55.67488,-5.388247,16204.7472222,7.6
55.66933,-5.397173,16204.7493056,7.5
55.66619,-5.401882,16204.7506944,7.3
55.66053,-5.408993,16204.7534722,7.7
55.6536,-5.416915,16204.75625,7.3
55.647659999999995,-5.423642,16204.7583333,7.0
55.64236999999999,-5.42892,16204.760416699999,7.1
55.63389,-5.437088,16204.763888899999,6.9
55.62996999999999,-5.441478,16204.7652778,6.8
55.620430000000006,-5.44942,16204.7694444,7.2
55.706869999999995,-5.38119,16212.6347222,2.1
55.704640000000005,-5.382982,16212.6375,2.2
55.54277,-5.468527,16213.201388899999,2.3
55.541619999999995,-5.4682949999999995,16213.2027778,2.3
55.54039,-5.467878,16213.2041667,2.2
55.53941,-5.467176,16213.2055556,1.9
55.53853,-5.465712,16213.2069444,2.1
55.50809,-5.463469,16218.1673611,2.5
55.505480000000006,-5.463676,16218.170138899999,2.4
55.438869999999994,-5.466412999999999,16218.244444400001,2.5
55.4375,-5.4699599999999995,16218.2472222,2.2
55.43714,-5.474378,16218.2493056,2.2
55.49288000000001,-5.445523000000001,16218.3222222,2.4
55.49391,-5.4444300000000005,16218.3236111,2.3
55.495090000000005,-5.44302,16218.325,2.2
55.51115,-5.4637080000000005,16219.1847222,2.1
55.51353,-5.464597,16219.1875,2.2
55.515809999999995,-5.464595,16219.1895833,2.3
55.51708000000001,-5.464608,16219.1909722,2.3
55.518119999999996,-5.46298,16219.1923611,2.4
55.51878000000001,-5.460907,16219.19375,2.2
55.51915,-5.458708000000001,16219.1951389,2.5
55.51924,-5.456343,16219.196527799999,2.4
55.51934,-5.453937000000001,16219.197916699999,2.3
55.51948,-5.451630000000001,16219.1993056,2.5
55.49,-5.3979029999999995,16219.3208333,2.4
55.73555,-5.330195,16219.6958333,2.7
55.73655,-5.334757,16219.697916699999,2.9
55.735369999999996,-5.33945,16219.7006944,2.6
55.73412,-5.342223000000001,16219.7027778,2.3
55.732890000000005,-5.344512,16219.704861100001,2.1
55.7317,-5.347456,16219.7069444,2.2
55.7311,-5.350103,16219.708333300001,2.2
55.73075,-5.35251,16219.7104167,2.4
55.73096999999999,-5.357435,16219.713194400001,2.2
55.731790000000004,-5.361822,16219.7159722,2.4
55.73254,-5.3663940000000006,16219.71875,2.4
55.73288,-5.370878,16219.7215278,2.3
55.73263000000001,-5.375623,16219.724305599999,2.3
55.73205,-5.37979,16219.7263889,2.3
55.730869999999996,-5.38363,16219.729166699999,2.2
55.73019,-5.38555,16219.7305556,2.2
55.72943000000001,-5.387383,16219.7319444,2.3
55.72855,-5.38929,16219.7333333,2.3
55.72775,-5.390759,16219.7347222,2.2
55.7269,-5.392385,16219.736111100001,2.2
55.726209999999995,-5.393473,16219.7375,1.0
