lat,long,time,speed
44.82175,12.52282,16191.954861100001,3.2
44.81923,12.521469999999999,16191.9569444,3.2
44.81575,12.51958,16191.959722200001,3.2
44.81408,12.51862,16191.9611111,3.3
44.8117,12.517000000000001,16191.963194400001,3.1
44.8083,12.51418,16191.9666667,3.2
44.80578,12.51198,16191.96875,3.2
44.8043,12.51063,16191.9701389,3.2
44.80205,12.50858,16191.9722222,3.2
44.80058,12.50723,16191.9736111,3.2
44.79755,12.50457,16191.9763889,3.2
44.796079999999996,12.50325,16191.977777799999,3.2
44.78308,12.4912,16191.9930556,1.4
44.78075,12.49085,16191.995833300001,6.8
44.78302,12.49273,16191.9972222,3.2
44.785579999999996,12.49525,16191.9993056,2.9
44.78718,12.4967,16192.0006944,3.0
44.788579999999996,12.49798,16192.0020833,3.0
44.78955,12.4988,16192.0159722,3.0
44.812670000000004,12.51752,16192.025,3.0
44.81562,12.5197,16192.0277778,3.0
44.81733,12.52105,16192.0291667,3.0
44.81877,12.5222,16192.0305556,3.0
44.820479999999996,12.52347,16192.0326389,3.0
44.8255,12.52685,16192.036805599999,3.0
44.8292,12.52942,16192.040277799999,3.0
44.83093,12.530669999999999,16192.0423611,3.0
44.83392,12.53282,16192.045138899999,3.0
44.83735,12.53543,16192.0479167,3.0
44.83893,12.536669999999999,16192.05,3.0
44.841840000000005,12.53898,16192.0527778,3.0
44.8448,12.54128,16192.0555556,3.0
44.84785,12.5436,16192.058333300001,3.0
44.84985,12.545069999999999,16192.0597222,3.0
44.8515,12.54622,16192.0618056,3.0
44.8544,12.54803,16192.0638889,3.0
44.8566,12.54923,16192.0659722,3.0
44.85817,12.55007,16192.0673611,3.0
44.8612,12.5517,16192.0701389,3.0
44.86288,12.55263,16192.071527799999,3.0
44.86443,12.55348,16192.072916699999,3.0
44.86602,12.55432,16192.0743056,3.1
44.86745,12.55508,16192.0756944,3.0
44.87035,12.55665,16192.0784722,3.0
44.87297,12.55805,16192.0805556,3.1
44.874520000000004,12.55888,16192.0819444,3.1
44.8761,12.55968,16192.083333300001,3.0
44.879020000000004,12.56113,16192.0861111,3.0
44.88223,12.5627,16192.0888889,3.0
44.8855,12.56427,16192.0916667,3.1
44.88793,12.56548,16192.09375,3.1
44.89042,12.56673,16192.0958333,3.1
44.8932,12.56822,16192.0986111,3.1
44.89557,12.56948,16192.1006944,3.1
44.89877,12.57205,16192.1034722,3.1
44.90115,12.57452,16192.1055556,3.1
44.90339,12.57702,16192.1083333,3.1
44.90565,12.5797,16192.111111100001,0.1
44.90593,12.58052,16192.1131944,1.7
44.9065,12.581719999999999,16192.1152778,1.4
44.908,12.582880000000001,16192.1180556,3.6
44.905229999999996,12.57963,16192.1201389,5.5
44.90193,12.57703,16192.1222222,5.5
44.89897,12.57478,16192.1243056,3.1
44.8974,12.57373,16192.1256944,3.1
44.89463,12.572000000000001,16192.1284722,3.1
44.89185,12.5703,16192.130555599999,3.1
44.88908,12.56855,16192.1333333,3.1
44.886590000000005,12.56695,16192.135416699999,3.1
44.88358,12.56493,16192.1381944,3.1
44.88123,12.56338,16192.1402778,3.1
44.87875,12.56172,16192.142361100001,3.1
44.87492,12.55937,16192.145833300001,3.1
44.8721,12.5579,16192.1479167,3.1
44.869479999999996,12.55665,16192.15,3.1
44.86785,12.55588,16192.1513889,3.1
44.86538,12.554730000000001,16192.1534722,3.1
44.86322,12.55368,16192.1555556,3.1
44.86132,12.55273,16192.1569444,3.1
44.859970000000004,12.55203,16192.1583333,3.1
44.85808,12.55103,16192.1597222,3.1
44.8565,12.55017,16192.1611111,3.1
44.85518,12.54947,16192.1625,3.1
44.85255,12.54798,16192.1645833,3.1
44.851000000000006,12.54702,16192.1659722,3.1
44.8496,12.5461,16192.1673611,3.0
44.84717,12.54445,16192.1694444,3.1
44.84552,12.543330000000001,16192.1715278,3.1
44.84233,12.54122,16192.1743056,3.0
44.83968,12.539480000000001,16192.1763889,3.1
44.83675,12.53755,16192.1791667,3.0
44.833729999999996,12.53543,16192.181944400001,3.1
44.83167,12.53378,16192.1840278,3.0
44.82918,12.53148,16192.1861111,3.1
44.827870000000004,12.53005,16192.1875,3.0
44.82492,12.52673,16192.1909722,3.0
44.82353,12.52507,16192.1923611,3.0
44.82227,12.52352,16192.19375,3.0
44.82103,12.52195,16192.1951389,3.0
44.81977,12.520380000000001,16192.196527799999,3.0
44.81755,12.51827,16192.1986111,2.9
44.81603,12.51702,16192.2006944,2.9
44.81301,12.5148,16192.2034722,3.0
44.81023,12.51273,16192.20625,3.0
44.80748,12.51042,16192.208333300001,3.0
44.80608,12.50917,16192.209722200001,3.0
44.804429999999996,12.5077,16192.2118056,3.1
44.80113,12.5047,16192.2152778,3.0
44.79808,12.50192,16192.2180556,3.1
44.79442,12.49837,16192.2215278,3.0
44.79202,12.49597,16192.224305599999,3.0
44.7895,12.4931,16192.2263889,3.1
44.78845,12.4918,16192.227777799999,3.1
44.78723,12.49015,16192.229166699999,3.0
44.784620000000004,12.48597,16192.232638899999,3.1
44.78452,12.480319999999999,16192.2388889,1.9
44.78472,12.4775,16192.240972200001,1.1
44.790279999999996,12.4694,16192.245833300001,5.2
44.79428,12.467130000000001,16192.2479167,4.3
44.7981,12.46583,16192.25,4.4
44.80332,12.46467,16192.2534722,4.4
44.808170000000004,12.46415,16192.25625,4.4
44.8127,12.4639,16192.2583333,4.7
44.81552,12.46383,16192.2597222,4.6
44.81813,12.46383,16192.2611111,4.8
44.82055,12.46402,16192.2625,4.8
44.82432,12.46433,16192.2652778,2.0
44.8291,12.46423,16192.267361100001,9.0
44.836420000000004,12.46602,16192.2694444,8.8
44.88623,12.56808,16195.925,3.2
44.88817,12.56852,16195.927083300001,3.2
44.89034,12.56607,16195.9291667,4.2
44.8853,12.56265,16195.9326389,3.1
44.88242,12.56242,16195.9354167,3.0
44.88048,12.56215,16195.9368056,3.0
44.87713,12.56103,16195.9395833,3.0
44.8751,12.56005,16195.941666699999,3.0
44.87193,12.55832,16195.9444444,3.0
44.86942,12.557080000000001,16195.946527799999,3.1
44.86753,12.55622,16195.947916699999,3.1
44.86575,12.55547,16195.95,3.1
44.86275,12.55418,16195.9520833,3.0
44.86095,12.55327,16195.9541667,3.0
44.8579,12.55123,16195.9569444,3.0
44.8551,12.54937,16195.9590278,3.1
44.85265,12.54775,16195.9611111,3.1
44.851000000000006,12.54672,16195.963194400001,3.1
44.84855,12.54513,16195.9652778,3.1
44.845620000000004,12.54317,16195.9680556,3.0
44.84245,12.54107,16195.9708333,3.0
44.8393,12.53888,16195.9736111,3.0
44.83618,12.536769999999999,16195.9763889,3.1
44.83323,12.5349,16195.979166699999,3.0
44.83168,12.53392,16195.9805556,3.1
44.82962,12.53267,16195.982638899999,3.0
44.82767,12.53152,16195.9840278,3.0
44.82543,12.53012,16195.986111100001,3.0
44.82345,12.52838,16195.9881944,3.0
44.82085,12.52552,16195.990972200001,3.0
44.8171,12.52213,16195.994444400001,3.0
44.81565,12.520999999999999,16195.995833300001,3.0
44.81405,12.51978,16195.9972222,3.0
44.81235,12.5186,16195.9993056,3.0
44.81043,12.51742,16196.0006944,2.5
44.81042,12.51745,16196.0020833,0.1
44.80798,12.51882,16196.009027799999,5.9
44.81258,12.52127,16196.0118056,5.8
44.81547,12.52357,16196.0131944,3.2
44.81772,12.52565,16196.0152778,3.3
44.8191,12.52702,16196.0166667,3.3
44.82338,12.53072,16196.020833300001,3.3
44.82587,12.5324,16196.0229167,3.3
44.82805,12.53382,16196.0243056,3.3
44.82973,12.5349,16196.025694400001,3.3
44.8314,12.536,16196.027083300001,3.3
44.83303,12.53708,16196.0284722,3.3
44.83598,12.53905,16196.03125,3.3
44.8393,12.5413,16196.0340278,3.2
44.841840000000005,12.54295,16196.0361111,3.3
44.844879999999996,12.54495,16196.0388889,3.3
44.84783,12.547130000000001,16196.0409722,3.4
44.84925,12.5483,16196.0423611,3.2
44.85168,12.5502,16196.0444444,3.3
44.85437,12.55212,16196.0472222,3.2
44.85723,12.554030000000001,16196.0493056,3.2
44.86018,12.55597,16196.052083300001,3.2
44.86303,12.557780000000001,16196.0541667,3.2
44.86575,12.5594,16196.056944400001,3.2
44.868520000000004,12.56085,16196.0590278,3.2
44.871179999999995,12.5621,16196.0611111,3.2
44.87373,12.56323,16196.0631944,3.2
44.87695,12.5641,16196.0659722,3.6
44.87825,12.56025,16196.068055599999,3.7
44.87543,12.55682,16196.0701389,3.5
44.87265,12.55532,16196.072916699999,3.0
44.86952,12.55362,16196.0756944,3.0
44.86755,12.5527,16196.0770833,3.0
44.86592,12.55203,16196.0784722,3.0
44.86445,12.55148,16196.079861100001,3.0
44.86285,12.55078,16196.08125,3.0
44.86125,12.55015,16196.0826389,3.0
44.85952,12.5494,16196.0840278,3.0
44.8578,12.54862,16196.0854167,3.0
44.85595,12.54773,16196.0875,3.0
44.85317,12.546330000000001,16196.089583300001,3.0
44.85158,12.5456,16196.0909722,3.0
44.8496,12.54472,16196.0930556,3.0
44.84747,12.54377,16196.0944444,3.0
44.846000000000004,12.54317,16196.0958333,3.0
44.84415,12.54248,16196.097916699999,2.9
44.84093,12.5409,16196.1006944,2.9
44.83725,12.538680000000001,16196.104166699999,3.0
44.834179999999996,12.536719999999999,16196.1069444,3.0
44.83115,12.53503,16196.1097222,3.0
44.8281,12.53317,16196.1125,3.0
44.82533,12.53133,16196.114583300001,2.9
44.823879999999996,12.5303,16196.115972200001,3.0
44.82243,12.52913,16196.1173611,3.0
44.82103,12.52793,16196.11875,3.0
44.81962,12.526769999999999,16196.1201389,2.9
44.81818,12.5256,16196.1215278,2.9
44.816,12.52407,16196.1236111,3.0
44.81565,12.52385,16196.125,0.2
44.81525,12.523719999999999,16196.1263889,1.9
44.81445,12.52345,16196.1277778,1.1
44.81367,12.52325,16196.1298611,1.0
44.80997,12.52168,16196.1333333,2.9
44.81405,12.52398,16196.135416699999,6.4
44.81643,12.5253,16196.1368056,5.5
44.81928,12.526769999999999,16196.138888899999,3.3
44.82323,12.52887,16196.142361100001,3.2
44.82658,12.5307,16196.1451389,3.2
44.829879999999996,12.53275,16196.1479167,3.3
44.83287,12.5348,16196.15,3.2
44.83437,12.53572,16196.1513889,3.3
44.8362,12.536769999999999,16196.1527778,3.3
44.83788,12.53762,16196.1541667,3.2
44.84013,12.538680000000001,16196.15625,3.2
44.84268,12.53988,16196.1583333,3.2
44.8457,12.54172,16196.1611111,3.2
44.8482,12.54355,16196.1631944,3.2
44.85105,12.545630000000001,16196.165277799999,3.2
44.853120000000004,12.54728,16196.1673611,3.3
44.85608,12.5494,16196.170138899999,3.2
44.859120000000004,12.55172,16196.1722222,3.3
44.86057,12.55283,16196.173611100001,3.2
44.86343,12.55523,16196.1763889,3.2
44.866170000000004,12.5579,16196.1791667,3.3
44.870329999999996,12.56212,16196.1826389,3.3
44.87283,12.56448,16196.1854167,3.3
44.8758,12.5672,16196.1881944,3.2
44.8783,12.56953,16196.1902778,3.2
44.88068,12.57172,16196.1923611,3.2
44.8832,12.57397,16196.1944444,3.3
44.88625,12.57553,16196.1972222,4.0
44.88735,12.57277,16196.1986111,4.3
44.88642,12.567730000000001,16196.201388899999,3.0
44.88493,12.56592,16196.2027778,3.2
44.8834,12.56493,16196.2041667,2.9
44.88162,12.56397,16196.20625,2.9
44.87797,12.5617,16196.2090278,3.0
44.87645,12.560830000000001,16196.2111111,3.0
44.87442,12.55963,16196.2125,3.0
44.87277,12.55863,16196.2138889,3.0
44.87125,12.55772,16196.2152778,3.0
44.86958,12.55672,16196.2166667,3.0
44.86775,12.55573,16196.21875,3.0
44.86565,12.5547,16196.2201389,3.0
44.86352,12.5537,16196.2222222,2.9
44.86185,12.55283,16196.2236111,2.9
44.86007,12.5519,16196.2256944,3.0
44.85686,12.55027,16196.2284722,3.0
44.85388,12.5488,16196.23125,2.9
44.850809999999996,12.54738,16196.2340278,3.0
44.84805,12.54625,16196.236111100001,3.0
44.846470000000004,12.54557,16196.2375,3.0
44.842,12.54383,16196.2416667,0.1
44.8399,12.54393,16196.2465278,0.9
44.8423,12.5364,16196.2527778,4.1
44.84312,12.5336,16196.254166699999,4.3
44.8442,12.530330000000001,16196.255555599999,4.4
44.8457,12.524519999999999,16196.2583333,4.3
44.84668,12.52108,16196.2597222,4.4
44.8481,12.51478,16196.2625,4.3
44.84857,12.50997,16196.2645833,4.8
44.84805,12.50665,16196.2659722,4.3
44.84725,12.49987,16196.26875,4.5
44.8466,12.49532,16196.2715278,3.6
44.8427,12.48278,16196.2743056,8.8
44.84197,12.46748,16196.2777778,8.3
44.80782,12.517330000000001,16196.790277799999,3.1
44.8049,12.51458,16196.7930556,3.0
44.80328,12.51298,16196.795138899999,3.1
44.800979999999996,12.51075,16196.7972222,3.0
44.79908,12.50878,16196.7993056,3.1
44.79685,12.50652,16196.8013889,3.0
44.79415,12.5037,16196.8041667,3.1
44.79262,12.50212,16196.80625,3.0
44.79182,12.50665,16196.808333300001,4.4
44.79436,12.50848,16196.8097222,3.5
44.79593,12.50913,16196.8111111,3.2
44.79902,12.51012,16196.8138889,3.3
44.80198,12.51165,16196.8159722,3.3
44.80468,12.513,16196.818055599999,3.3
44.80742,12.51478,16196.8208333,3.2
44.81021,12.51708,16196.822916699999,3.3
44.81272,12.51915,16196.8256944,3.2
44.81592,12.52165,16196.8284722,3.3
44.81837,12.5234,16196.8305556,3.1
44.821020000000004,12.52522,16196.8326389,3.2
44.82378,12.52713,16196.8354167,3.2
44.82627,12.52877,16196.8375,3.2
44.828720000000004,12.53048,16196.839583300001,3.2
44.830529999999996,12.53163,16196.8409722,3.2
44.83213,12.532580000000001,16196.8423611,3.2
44.83395,12.53357,16196.84375,3.2
44.83667,12.5351,16196.8465278,3.2
44.83978,12.536719999999999,16196.8486111,3.2
44.84153,12.53767,16196.85,3.1
44.84313,12.5385,16196.8513889,3.2
44.844770000000004,12.53935,16196.852777799999,3.2
44.8463,12.54015,16196.854166699999,3.1
44.84792,12.54105,16196.8555556,3.2
44.849470000000004,12.542119999999999,16196.8569444,3.1
44.85098,12.54325,16196.8583333,3.0
44.852470000000004,12.54442,16196.8597222,3.1
44.85492,12.54618,16196.8618056,3.1
44.85635,12.54712,16196.8631944,3.1
44.85863,12.54843,16196.8652778,3.1
44.8608,12.549619999999999,16196.8673611,3.2
44.86338,12.55112,16196.869444400001,3.2
44.86615,12.55292,16196.8715278,3.1
44.86853,12.55438,16196.8736111,3.1
44.87012,12.55533,16196.875,3.1
44.87263,12.55682,16196.8777778,3.1
44.87518,12.55828,16196.8798611,3.1
44.87786,12.56,16196.8826389,0.3
44.87827,12.5607,16196.8847222,1.7
44.87917,12.56175,16196.8861111,2.1
44.88007,12.56307,16196.8875,2.1
44.8819,12.56467,16196.888888899999,4.5
44.88097,12.56305,16196.8916667,5.4
44.87723,12.5612,16196.8944444,3.0
44.87538,12.56017,16196.895833300001,3.0
44.873540000000006,12.55895,16196.8979167,3.0
44.87045,12.55678,16196.900694400001,2.9
44.8676,12.55505,16196.9034722,2.9
44.86443,12.55335,16196.90625,3.0
44.8618,12.55172,16196.9083333,3.1
44.86055,12.5509,16196.9097222,3.1
44.85897,12.54978,16196.9111111,3.0
44.857620000000004,12.54877,16196.9125,3.0
44.855920000000005,12.54753,16196.9145833,3.0
44.85255,12.54593,16196.9173611,3.0
44.84918,12.54475,16196.920138899999,3.0
44.847429999999996,12.54415,16196.9215278,3.0
44.845659999999995,12.54358,16196.9229167,3.0
44.84405,12.54303,16196.9243056,3.0
44.84218,12.54225,16196.9263889,3.0
44.83968,12.54105,16196.928472200001,3.1
44.83732,12.53987,16196.9305556,3.0
44.83497,12.53867,16196.9326389,3.0
44.83265,12.53743,16196.9347222,3.0
44.8305,12.5363,16196.9368056,3.0
44.8285,12.535219999999999,16196.9381944,3.0
44.82687,12.53435,16196.9395833,3.0
44.82532,12.53357,16196.9409722,3.0
44.82376,12.5328,16196.9423611,3.0
44.8204,12.53107,16196.9458333,3.1
44.81783,12.52972,16196.947916699999,3.0
44.81615,12.528830000000001,16196.9493056,3.0
44.81452,12.52798,16196.9506944,3.0
44.81297,12.5272,16196.9520833,3.0
44.81273,12.5248,16196.9534722,4.3
44.81578,12.52275,16196.9555556,4.0
44.817679999999996,12.52303,16196.9569444,3.3
44.820570000000004,12.52465,16196.959722200001,3.2
44.8236,12.52638,16196.9618056,3.2
44.826,12.528030000000001,16196.9638889,3.2
44.82757,12.5292,16196.9652778,3.2
44.82925,12.53047,16196.9666667,3.2
44.83155,12.532169999999999,16196.96875,3.2
44.8339,12.53383,16196.9708333,3.1
44.8353,12.53482,16196.9722222,3.2
44.83793,12.53665,16196.975,3.2
44.84097,12.538780000000001,16196.9770833,3.2
44.84398,12.541080000000001,16196.9798611,3.2
44.84817,12.54433,16196.9840278,3.2
44.85118,12.54658,16196.986111100001,3.2
44.85263,12.54765,16196.9875,3.2
44.85577,12.54997,16196.9902778,3.2
44.85857,12.552019999999999,16196.9930556,3.2
44.86105,12.55383,16196.9951389,3.3
44.86367,12.55578,16196.9972222,3.2
44.86635,12.557780000000001,16197.0,0.9
44.8663,12.55795,16197.0013889,1.6
44.867940000000004,12.561069999999999,16197.0076389,2.2
44.86305,12.56055,16197.010416699999,4.7
44.85928,12.55798,16197.0131944,2.9
44.85608,12.55573,16197.0159722,3.0
44.854620000000004,12.55462,16197.017361100001,2.9
44.85328,12.55362,16197.01875,3.0
44.8516,12.55237,16197.020833300001,3.0
44.84833,12.54992,16197.0236111,3.0
44.8466,12.54867,16197.025,3.0
44.84438,12.54712,16197.027083300001,3.0
44.84278,12.54605,16197.0291667,3.0
44.83945,12.54385,16197.0319444,3.0
44.83678,12.54213,16197.0347222,3.0
44.8342,12.53952,16197.0375,4.1
44.83733,12.53732,16197.0395833,4.8
44.8413,12.53882,16197.0423611,3.3
44.8442,12.54045,16197.0444444,3.3
44.84675,12.54228,16197.0465278,3.2
44.84985,12.544369999999999,16197.0493056,3.2
44.85133,12.54528,16197.0506944,3.2
44.85378,12.54675,16197.0527778,3.2
44.85832,12.54923,16197.056944400001,3.2
44.86207,12.55187,16197.0597222,3.2
44.86455,12.55378,16197.0618056,3.2
44.86705,12.5556,16197.0645833,3.2
44.8698,12.55757,16197.066666699999,3.2
44.87233,12.5593,16197.06875,3.2
44.87405,12.56043,16197.0701389,3.2
44.87707,12.56235,16197.072916699999,3.2
44.87948,12.56385,16197.075,3.3
44.88195,12.5654,16197.0770833,3.2
44.88442,12.5669,16197.0791667,3.2
44.88743,12.5688,16197.0819444,3.2
44.89028,12.57052,16197.0840278,3.2
44.89325,12.57238,16197.0868056,3.2
44.89588,12.57413,16197.0888889,3.2
44.89747,12.57545,16197.0902778,3.2
44.89928,12.577169999999999,16197.0923611,3.2
44.90113,12.57892,16197.09375,3.2
44.90403,12.58182,16197.0965278,3.2
44.90635,12.58407,16197.0986111,3.2
44.908879999999996,12.58648,16197.1013889,3.2
44.91072,12.588230000000001,16197.102777799999,3.2
44.91205,12.58952,16197.104166699999,3.2
44.91348,12.59088,16197.1055556,3.2
44.91587,12.59337,16197.1083333,3.2
44.91936,12.597669999999999,16197.1118056,3.2
44.921479999999995,12.6008,16197.1138889,3.2
44.92177,12.601469999999999,16197.115972200001,0.3
44.92228,12.60338,16197.1180556,2.0
44.92311,12.60727,16197.120833300001,3.5
44.92387,12.6038,16197.1229167,5.8
44.92202,12.60045,16197.1256944,4.8
44.92003,12.59597,16197.1284722,2.7
44.91695,12.593069999999999,16197.13125,2.9
44.91535,12.592080000000001,16197.1326389,3.0
44.91373,12.59098,16197.134027799999,3.0
44.91252,12.590119999999999,16197.135416699999,3.0
44.90968,12.587819999999999,16197.1381944,3.0
44.9069,12.5852,16197.1409722,3.0
44.904579999999996,12.583,16197.1430556,3.0
44.90305,12.581669999999999,16197.1444444,3.0
44.90135,12.5803,16197.1465278,3.0
44.89832,12.577919999999999,16197.1493056,3.0
44.89515,12.5755,16197.152083300001,3.1
44.892379999999996,12.57353,16197.1548611,3.0
44.89048,12.57238,16197.15625,3.0
44.88878,12.57142,16197.1583333,3.0
44.88573,12.56968,16197.1611111,3.0
44.88248,12.56777,16197.1638889,3.0
44.87947,12.56655,16197.166666699999,3.0
44.8761,12.56627,16197.1694444,3.0
44.8726,12.5658,16197.1722222,3.0
44.86935,12.5637,16197.175,3.0
44.86788,12.56222,16197.1763889,3.0
44.86655,12.56077,16197.1777778,3.0
44.86525,12.559280000000001,16197.1791667,3.0
44.86322,12.55715,16197.18125,3.1
44.860820000000004,12.55503,16197.1840278,3.1
44.85812,12.55292,16197.1861111,3.1
44.85545,12.5509,16197.1888889,3.1
44.85282,12.54893,16197.1909722,3.1
44.8512,12.54775,16197.1923611,3.0
44.84983,12.54673,16197.19375,3.1
44.84682,12.54448,16197.196527799999,3.1
44.8454,12.54347,16197.197916699999,3.0
44.84373,12.54237,16197.1993056,3.1
44.8423,12.5415,16197.2006944,3.1
44.84045,12.54043,16197.2020833,3.1
44.83698,12.53845,16197.2055556,3.1
44.83422,12.53678,16197.2076389,3.1
44.83183,12.53532,16197.209722200001,3.2
44.82943,12.53383,16197.2118056,3.2
44.827870000000004,12.5327,16197.213194400001,3.2
44.82663,12.5317,16197.214583300001,3.1
44.82427,12.5296,16197.2166667,3.1
44.82285,12.52825,16197.2180556,3.2
44.82032,12.5258,16197.2208333,3.2
44.81743,12.523019999999999,16197.2236111,3.2
44.81498,12.52068,16197.2256944,3.2
44.812670000000004,12.5185,16197.227777799999,3.2
44.80975,12.51577,16197.2305556,3.2
44.80825,12.51473,16197.2319444,0.3
44.80803,12.51495,16197.2340278,2.1
44.806470000000004,12.51512,16197.236111100001,1.5
44.80567,12.5159,16197.2388889,0.2
44.80488,12.51398,16197.240972200001,6.1
44.80587,12.50882,16197.24375,4.1
44.80822,12.504669999999999,16197.245833300001,4.1
44.81043,12.50053,16197.2479167,3.9
44.81193,12.497869999999999,16197.2493056,4.0
44.8159,12.489519999999999,16197.254166699999,4.0
44.8193,12.4861,16197.25625,4.1
44.82113,12.48508,16197.2576389,4.2
44.82482,12.48283,16197.2597222,4.4
44.82708,12.48145,16197.2611111,4.4
44.8281,12.48102,16197.2625,1.2
44.83285,12.47755,16197.2652778,7.3
44.8377,12.47322,16197.267361100001,7.2
44.8344,12.53705,16197.7826389,3.1
44.83605,12.537930000000001,16197.7840278,3.2
44.83838,12.53918,16197.7861111,3.2
44.83998,12.54017,16197.7875,3.1
44.84135,12.541030000000001,16197.7888889,3.2
44.843720000000005,12.5427,16197.7909722,3.2
44.84732,12.54535,16197.7944444,3.2
44.85005,12.54722,16197.7965278,3.1
44.85207,12.54847,16197.798611100001,3.1
44.85553,12.55048,16197.8013889,3.2
44.86083,12.55357,16197.8055556,3.2
44.86217,12.55435,16197.806944400001,3.2
44.86452,12.55568,16197.8090278,3.2
44.86643,12.55677,16197.8104167,3.2
44.8678,12.5575,16197.8118056,3.2
44.87027,12.558819999999999,16197.8138889,3.2
44.872370000000004,12.55993,16197.8152778,3.2
44.87377,12.56058,16197.816666699999,3.2
44.87648,12.5616,16197.81875,3.2
44.87897,12.56285,16197.8208333,3.2
44.880520000000004,12.5637,16197.8222222,3.2
44.88342,12.56157,16197.825,3.5
44.88122,12.55795,16197.8270833,4.2
44.87813,12.55655,16197.829861100001,3.0
44.87318,12.55405,16197.8340278,3.1
44.8718,12.553180000000001,16197.8354167,3.0
44.87,12.55212,16197.8368056,3.0
44.86843,12.55123,16197.838194400001,3.0
44.86683,12.550419999999999,16197.839583300001,3.0
44.86538,12.5497,16197.8409722,3.1
44.86355,12.54883,16197.8430556,3.0
44.86061,12.54748,16197.8451389,3.1
44.85907,12.54673,16197.8465278,3.0
44.857479999999995,12.54598,16197.847916699999,3.0
44.85588,12.54525,16197.849305599999,3.0
44.8543,12.5445,16197.8506944,3.0
44.85168,12.54327,16197.8534722,3.0
44.84853,12.54182,16197.85625,3.0
44.84535,12.54035,16197.8590278,3.1
44.84203,12.53872,16197.8618056,3.1
44.84037,12.53773,16197.8631944,3.0
44.838229999999996,12.53635,16197.8652778,3.0
44.83643,12.53525,16197.8666667,3.0
44.83333,12.53347,16197.869444400001,3.1
44.83178,12.532580000000001,16197.870833300001,3.1
44.83025,12.53163,16197.8722222,3.0
44.82877,12.530619999999999,16197.8736111,3.0
44.827,12.52935,16197.8756944,3.1
44.8243,12.52742,16197.8777778,3.1
44.8228,12.52632,16197.879166699999,3.0
44.82043,12.525730000000001,16197.8833333,2.3
44.8196,12.52672,16197.8847222,1.7
44.81905,12.53023,16197.8875,3.7
44.82065,12.53123,16197.8902778,3.4
44.82595,12.53317,16197.892361100001,5.4
44.828179999999996,12.53495,16197.89375,2.7
44.831,12.53678,16197.8965278,3.0
44.8341,12.53828,16197.8993056,3.1
44.83633,12.53922,16197.900694400001,3.1
44.83895,12.54032,16197.9027778,3.1
44.84025,12.54097,16197.9041667,3.1
44.84352,12.54263,16197.9069444,3.1
44.84512,12.54352,16197.9083333,3.1
44.84687,12.5445,16197.9097222,3.1
44.848459999999996,12.54542,16197.9111111,3.1
44.85125,12.54703,16197.9138889,3.1
44.85412,12.54873,16197.9159722,3.1
44.8556,12.5496,16197.9173611,3.1
44.85814,12.55103,16197.920138899999,3.1
44.8608,12.5525,16197.9222222,3.1
44.86322,12.55375,16197.9243056,3.1
44.86605,12.55515,16197.9263889,3.1
44.86777,12.55593,16197.9277778,3.1
44.87043,12.5572,16197.9305556,3.1
44.8731,12.55845,16197.9326389,3.1
44.87587,12.55968,16197.9347222,3.1
44.87737,12.560369999999999,16197.9361111,3.1
44.87917,12.55997,16197.9375,2.9
44.88022,12.558580000000001,16197.9388889,3.4
44.8795,12.55565,16197.9402778,5.1
44.876000000000005,12.55405,16197.9423611,3.1
44.87323,12.553180000000001,16197.9451389,3.1
44.8701,12.552769999999999,16197.947916699999,3.1
44.86718,12.55218,16197.95,3.1
44.86528,12.55225,16197.951388899999,3.1
44.86445,12.55278,16197.9534722,0.6
44.86335,12.5551,16197.95625,1.5
44.86303,12.55648,16197.9576389,0.9
44.863,12.55715,16197.9590278,0.8
44.86197,12.55335,16197.9618056,2.9
44.83488,12.49125,16198.767361100001,9.6
44.8327,12.49793,16198.76875,9.6
44.830420000000004,12.504769999999999,16198.7701389,9.6
44.8268,12.51308,16198.772222200001,9.5
44.82423,12.523,16198.775,5.6
44.82605,12.526,16198.7763889,4.6
44.8278,12.5284,16198.7784722,2.8
44.83055,12.530999999999999,16198.78125,3.0
44.83344,12.53327,16198.7840278,3.0
44.8366,12.53572,16198.786805599999,3.0
44.83938,12.53797,16198.7895833,3.0
44.84197,12.53998,16198.791666699999,3.1
44.8433,12.54093,16198.7930556,3.0
44.84478,12.5419,16198.7944444,2.9
44.84633,12.5428,16198.7958333,3.0
44.84853,12.544030000000001,16198.7979167,3.0
44.85098,12.54535,16198.8,3.0
44.85253,12.5462,16198.8013889,3.0
44.854729999999996,12.54747,16198.803472200001,3.0
44.85702,12.54888,16198.8055556,3.0
44.85957,12.550469999999999,16198.8076389,3.0
44.86112,12.55147,16198.8090278,3.0
44.8629,12.55257,16198.8111111,3.0
44.86609,12.55445,16198.8138889,3.0
44.8692,12.5562,16198.816666699999,3.0
44.87233,12.5579,16198.8194444,3.0
44.875,12.55937,16198.821527799999,3.1
44.877520000000004,12.56073,16198.8236111,3.1
44.88015,12.5622,16198.826388899999,3.1
44.88225,12.56332,16198.8277778,3.0
44.88367,12.56413,16198.8291667,3.0
44.885870000000004,12.5654,16198.83125,3.0
44.88835,12.56682,16198.833333300001,3.1
44.890029999999996,12.56775,16198.834722200001,3.0
44.89215,12.569,16198.8368056,3.0
44.89515,12.5707,16198.839583300001,3.1
44.89713,12.57183,16198.8409722,3.1
44.89867,12.57278,16198.8423611,3.0
44.90003,12.57375,16198.84375,3.0
44.90235,12.57568,16198.8458333,3.1
44.90367,12.57687,16198.8472222,3.1
44.90547,12.57853,16198.849305599999,3.1
44.90763,12.58053,16198.8513889,3.1
44.90977,12.58252,16198.8534722,3.1
44.91188,12.58453,16198.8555556,3.1
44.9151,12.58745,16198.8583333,3.0
44.91785,12.58972,16198.861111100001,3.0
44.92052,12.59183,16198.8638889,3.0
44.92335,12.59427,16198.8666667,3.0
44.92528,12.59615,16198.86875,3.0
44.92733,12.5982,16198.8701389,3.0
44.9296,12.60042,16198.8729167,2.9
44.93222,12.6028,16198.8756944,2.9
44.935179999999995,12.60545,16198.8784722,2.9
44.93795,12.60787,16198.88125,2.9
44.9405,12.6103,16198.884027799999,1.4
44.9407,12.61093,16198.8868056,1.6
44.94213,12.61388,16198.8895833,3.2
44.94392,12.61562,16198.892361100001,3.1
44.94108,12.61192,16198.8944444,6.0
44.93756,12.608419999999999,16198.8965278,3.3
44.93542,12.60643,16198.8986111,3.1
44.9335,12.605080000000001,16198.900694400001,3.1
44.930820000000004,12.60342,16198.9027778,3.2
44.92945,12.60255,16198.9041667,3.2
44.92678,12.60085,16198.90625,3.2
44.92445,12.599169999999999,16198.9083333,3.1
44.91985,12.5958,16198.9125,3.1
44.917320000000004,12.59368,16198.915277799999,3.1
44.9151,12.59167,16198.9173611,3.0
44.91227,12.58905,16198.920138899999,3.0
44.90985,12.58682,16198.9222222,3.1
44.9072,12.58435,16198.925,3.0
44.9059,12.583219999999999,16198.9263889,3.0
44.9032,12.58088,16198.9291667,2.9
44.9018,12.57968,16198.9305556,3.0
44.9003,12.578330000000001,16198.931944400001,2.9
44.89797,12.576080000000001,16198.9347222,2.9
44.89352,12.57202,16198.9388889,2.9
44.89215,12.57083,16198.9402778,2.9
44.89075,12.56987,16198.941666699999,2.9
44.88922,12.569180000000001,16198.943055599999,2.8
44.88762,12.5685,16198.9444444,2.9
44.88608,12.56777,16198.9458333,2.9
44.8843,12.56683,16198.947916699999,2.9
44.88075,12.56467,16198.9506944,2.9
44.87925,12.56377,16198.9520833,2.9
44.87777,12.5629,16198.9534722,2.9
44.87623,12.56208,16198.954861100001,2.9
44.87468,12.56128,16198.95625,3.0
44.873129999999996,12.56055,16198.9576389,2.9
44.87157,12.55988,16198.9590278,2.9
44.87,12.55925,16198.9604167,2.9
44.86763,12.5581,16198.963194400001,2.9
44.865629999999996,12.557030000000001,16198.964583300001,2.8
44.86403,12.55618,16198.9659722,2.8
44.86258,12.55533,16198.9673611,2.8
44.861129999999996,12.55447,16198.96875,2.8
44.85968,12.55362,16198.9701389,2.8
44.85825,12.552769999999999,16198.9715278,2.8
44.85641,12.55187,16198.9736111,2.8
44.85467,12.55108,16198.975,2.9
44.85287,12.55033,16198.9770833,2.9
44.85007,12.5492,16198.979166699999,2.9
44.84817,12.54845,16198.98125,2.9
44.84509,12.54715,16198.9840278,2.9
44.84215,12.54572,16198.9868056,2.9
44.839079999999996,12.54433,16198.989583300001,2.9
44.837070000000004,12.54338,16198.990972200001,2.9
44.835570000000004,12.54252,16198.9923611,2.9
44.8341,12.54155,16198.99375,2.9
44.832679999999996,12.5405,16198.9951389,2.9
44.83092,12.53915,16198.9972222,2.9
44.82808,12.53692,16199.0,2.9
44.82653,12.53558,16199.0013889,1.4
44.82665,12.53558,16199.0034722,0.1
44.82502,12.53205,16199.0083333,3.4
44.8262,12.53133,16199.0097222,7.8
44.83037,12.53398,16199.0118056,5.3
44.83235,12.53525,16199.013888899999,3.1
44.83463,12.536669999999999,16199.0152778,3.2
44.83732,12.5385,16199.017361100001,3.2
44.83862,12.53935,16199.01875,3.2
44.8412,12.54117,16199.020833300001,3.2
44.84375,12.54292,16199.0229167,3.2
44.84683,12.54508,16199.025694400001,3.3
44.84965,12.54705,16199.0284722,3.2
44.85218,12.54883,16199.0305556,3.2
44.85487,12.55073,16199.0326389,3.3
44.8576,12.55253,16199.035416699999,3.3
44.86012,12.55402,16199.0375,3.3
44.862770000000005,12.55562,16199.0395833,3.3
44.86592,12.55755,16199.0423611,3.3
44.86843,12.55888,16199.0444444,3.2
44.87123,12.56023,16199.0465278,3.2
44.87407,12.56143,16199.048611100001,3.2
44.876670000000004,12.56242,16199.0506944,3.3
44.87903,12.56333,16199.0527778,3.3
44.88157,12.56428,16199.0555556,3.3
44.88503,12.56575,16199.0576389,3.3
44.88758,12.5674,16199.0597222,3.3
44.88997,12.5692,16199.0618056,3.2
44.89242,12.57118,16199.0638889,3.3
44.89495,12.57322,16199.0659722,3.3
44.89705,12.57483,16199.068055599999,3.3
44.90025,12.577169999999999,16199.0708333,3.3
44.90282,12.57898,16199.072916699999,3.2
44.905229999999996,12.58067,16199.075,3.3
44.90818,12.58278,16199.0777778,3.3
44.91017,12.58427,16199.0791667,3.2
44.9125,12.586219999999999,16199.08125,3.2
44.91502,12.5884,16199.0840278,3.2
44.91705,12.58795,16199.0854167,3.4
44.918,12.583969999999999,16199.0875,4.6
44.91467,12.58183,16199.089583300001,3.2
44.91292,12.580680000000001,16199.0916667,2.9
44.9098,12.57888,16199.0944444,2.9
44.90672,12.5773,16199.0972222,2.9
44.90388,12.57583,16199.1,2.8
44.90085,12.574119999999999,16199.102777799999,2.9
44.89777,12.57243,16199.1055556,2.9
44.89495,12.57088,16199.1083333,2.9
44.89198,12.56925,16199.111111100001,2.9
44.88908,12.567730000000001,16199.1138889,2.9
44.88623,12.56627,16199.115972200001,2.9
44.88485,12.5656,16199.1173611,2.9
44.883340000000004,12.56488,16199.11875,2.9
44.8821,12.56427,16199.1201389,0.0
44.88217,12.56437,16199.1215278,0.5
44.881370000000004,12.564169999999999,16199.1229167,2.0
44.880520000000004,12.56413,16199.1243056,3.1
44.88,12.5643,16199.1256944,1.5
44.87843,12.56363,16199.1284722,3.7
44.88272,12.56585,16199.130555599999,3.9
44.8862,12.568,16199.1326389,3.2
44.88923,12.5698,16199.1347222,3.3
44.89167,12.5715,16199.1368056,3.3
44.893229999999996,12.57277,16199.1381944,3.3
44.89465,12.57392,16199.1395833,3.2
44.89695,12.57587,16199.1416667,3.2
44.89922,12.57788,16199.14375,3.2
44.90065,12.57907,16199.1451389,3.2
44.90317,12.58093,16199.147222200001,3.2
44.90477,12.58203,16199.1486111,3.2
44.90728,12.583730000000001,16199.150694400001,3.1
44.90868,12.58432,16199.152083300001,3.3
44.91103,12.58132,16199.1548611,3.1
44.91005,12.57718,16199.1569444,4.7
44.9069,12.57495,16199.1597222,2.9
44.90532,12.5739,16199.1611111,2.9
44.90375,12.57312,16199.1625,2.9
44.90205,12.57245,16199.1638889,3.0
44.90048,12.57188,16199.165277799999,3.0
44.89828,12.57115,16199.1673611,3.0
44.89493,12.56973,16199.170138899999,3.0
44.89335,12.56892,16199.1715278,3.0
44.89183,12.5681,16199.1729167,2.9
44.89043,12.56728,16199.1743056,3.0
44.88867,12.56628,16199.1756944,3.0
44.88725,12.56552,16199.177083300001,3.0
44.8856,12.56458,16199.178472200001,2.9
44.88407,12.56373,16199.1798611,2.9
44.88268,12.56298,16199.18125,3.0
44.880720000000004,12.5619,16199.183333300001,3.0
44.87775,12.56035,16199.1861111,2.9
44.87468,12.55875,16199.1888889,2.9
44.87165,12.55723,16199.191666699999,2.9
44.86843,12.5556,16199.1944444,3.0
44.8651,12.55402,16199.1972222,2.9
44.86355,12.55328,16199.1986111,2.9
44.861999999999995,12.55255,16199.2,3.0
44.86035,12.55172,16199.201388899999,3.0
44.85882,12.55095,16199.2027778,2.9
44.85653,12.54977,16199.204861100001,3.0
44.85485,12.54888,16199.2069444,2.9
44.85192,12.54735,16199.2090278,2.9
44.85038,12.54658,16199.2104167,2.9
44.84858,12.54565,16199.2125,3.0
44.8454,12.544030000000001,16199.2152778,3.0
44.8423,12.5424,16199.2180556,3.0
44.83937,12.54075,16199.2208333,3.0
44.83632,12.539019999999999,16199.2236111,3.0
44.83327,12.5374,16199.2263889,2.9
44.88483,12.46363,16205.7486111,7.8
44.8765,12.46368,16205.7513889,7.6
44.87018,12.46485,16205.7534722,7.9
44.86655,12.46525,16205.7548611,7.8
44.86007,12.46548,16205.7569444,7.7
44.85205,12.46535,16205.7597222,7.9
44.84375,12.46563,16205.7618056,7.9
44.841229999999996,12.46942,16205.7631944,9.3
44.838570000000004,12.47777,16205.7652778,9.4
44.8356,12.48855,16205.767361100001,9.4
44.83245,12.49975,16205.7694444,9.2
44.83008,12.50623,16205.770833300001,9.3
44.82528,12.51625,16205.7729167,9.3
44.83123,12.53302,16205.7819444,3.1
44.83357,12.53452,16205.7840278,3.1
44.83832,12.53737,16205.7881944,3.1
44.83968,12.53818,16205.7895833,3.1
44.84125,12.53912,16205.7909722,3.2
44.84345,12.54045,16205.7930556,3.2
44.84727,12.54303,16205.7965278,3.2
44.85005,12.54492,16205.798611100001,3.2
44.851620000000004,12.546,16205.8,3.1
44.8545,12.54797,16205.8027778,3.2
44.85674,12.54955,16205.8048611,3.1
44.85955,12.5516,16205.806944400001,3.1
44.86095,12.55262,16205.808333300001,3.1
44.86325,12.55432,16205.8104167,3.1
44.8658,12.5562,16205.8125,3.1
44.8682,12.55798,16205.8152778,3.1
44.8705,12.559569999999999,16205.8173611,3.1
44.87332,12.56118,16205.8194444,3.1
44.87572,12.5625,16205.821527799999,3.1
44.878479999999996,12.56405,16205.8243056,3.1
44.88172,12.56595,16205.8270833,3.1
44.88462,12.5674,16205.8291667,3.1
44.88595,12.567730000000001,16205.8305556,4.0
44.88508,12.56205,16205.8326389,4.6
44.88235,12.56007,16205.8354167,3.1
44.87952,12.5587,16205.8375,3.2
44.87738,12.55758,16205.839583300001,3.2
44.874629999999996,12.55622,16205.8416667,3.2
44.87295,12.55535,16205.8430556,3.2
44.87135,12.55445,16205.8444444,3.1
44.86868,12.55275,16205.8472222,3.2
44.8655,12.55058,16205.849305599999,3.2
44.86242,12.548680000000001,16205.8520833,3.2
44.85954,12.54707,16205.8548611,3.2
44.856770000000004,12.5456,16205.8569444,3.2
44.855129999999996,12.5447,16205.8583333,3.2
44.85349,12.54382,16205.8597222,3.2
44.85067,12.54232,16205.8618056,3.2
44.84898,12.5415,16205.8631944,3.2
44.84702,12.54058,16205.8652778,3.2
44.84478,12.5396,16205.8666667,3.2
44.8428,12.53872,16205.86875,3.2
44.82662,12.53005,16205.8826389,0.6
44.83032,12.53428,16205.8951389,3.0
44.83235,12.535730000000001,16205.8965278,3.0
44.83505,12.53792,16205.8993056,3.1
44.83825,12.5403,16205.902083300001,3.0
44.84005,12.54147,16205.9041667,3.1
44.841879999999996,12.542580000000001,16205.9055556,3.0
44.8437,12.54363,16205.9069444,3.0
44.84552,12.5447,16205.9090278,3.1
44.84722,12.54568,16205.910416699999,3.0
44.84912,12.54683,16205.911805599999,3.0
44.85062,12.54775,16205.9131944,3.0
44.852,12.54867,16205.9145833,3.0
44.85412,12.550130000000001,16205.916666699999,3.0
44.85572,12.55123,16205.9180556,3.0
44.85745,12.5523,16205.920138899999,3.0
44.861779999999996,12.55453,16205.923611100001,3.0
44.863620000000004,12.5555,16205.925,3.0
44.86503,12.55627,16205.9263889,3.1
44.86695,12.55745,16205.928472200001,3.0
44.8685,12.55838,16205.9298611,3.0
44.870670000000004,12.55975,16205.931944400001,3.1
44.874109999999995,12.56193,16205.9347222,3.0
44.87575,12.56297,16205.9361111,3.0
44.87729,12.5639,16205.9375,3.0
44.87885,12.56478,16205.9388889,3.0
44.8804,12.56555,16205.9402778,3.0
44.88197,12.5662,16205.941666699999,2.9
44.8841,12.56703,16205.94375,3.0
44.885870000000004,12.56782,16205.9451389,2.9
44.8876,12.56853,16205.946527799999,2.9
44.88958,12.56937,16205.9486111,2.9
44.89152,12.57018,16205.95,2.9
44.892920000000004,12.57068,16205.951388899999,2.9
44.89458,12.5712,16205.9527778,2.8
44.89608,12.57175,16205.9541667,2.8
44.89703,12.5735,16205.9555556,4.7
44.89393,12.57697,16205.9576389,4.4
44.892070000000004,12.57638,16205.9590278,3.6
44.88908,12.57485,16205.9618056,3.1
44.88647,12.57352,16205.9638889,3.1
44.88413,12.57195,16205.9659722,3.1
44.88162,12.5699,16205.9680556,3.2
44.879220000000004,12.56765,16205.9701389,3.2
44.8782,12.56673,16205.9715278,3.2
44.8755,12.56465,16205.9736111,3.2
44.873000000000005,12.5629,16205.9756944,3.2
44.87167,12.562000000000001,16205.9770833,3.1
44.8701,12.56097,16205.9784722,3.2
44.86755,12.55935,16205.9805556,3.2
44.86553,12.5581,16205.982638899999,3.2
44.86367,12.55692,16205.9840278,3.2
44.861000000000004,12.55515,16205.986111100001,3.2
44.8597,12.554219999999999,16205.9875,3.2
44.8571,12.5523,16205.989583300001,3.2
44.8558,12.55132,16205.990972200001,3.2
44.85333,12.549430000000001,16205.9930556,3.2
44.85085,12.54767,16205.9951389,3.2
44.848459999999996,12.54612,16205.9972222,3.2
44.8471,12.54532,16205.9986111,3.1
44.84435,12.54383,16206.0006944,3.2
44.84247,12.542769999999999,16206.0027778,3.1
44.8422,12.54262,16206.0083333,3.1
44.83802,12.54038,16206.0097222,2.0
44.838570000000004,12.54123,16206.0118056,3.5
44.84247,12.54325,16206.013888899999,3.2
44.844570000000004,12.54455,16206.0152778,4.6
44.84643,12.54565,16206.0166667,3.0
44.848,12.54652,16206.0180556,3.1
44.8493,12.5472,16206.0194444,3.1
44.851279999999996,12.54823,16206.0215278,3.1
44.85383,12.54953,16206.0236111,3.1
44.8569,12.55115,16206.0263889,3.1
44.85935,12.552430000000001,16206.0284722,3.1
44.86217,12.553980000000001,16206.0305556,3.1
44.864779999999996,12.5555,16206.0326389,3.1
44.86647,12.55663,16206.0347222,3.0
44.86877,12.55827,16206.036805599999,3.1
44.87117,12.56,16206.0388889,3.1
44.87352,12.56143,16206.0409722,3.1
44.8763,12.56278,16206.0430556,3.1
44.8787,12.5639,16206.045138899999,3.1
44.88115,12.56503,16206.0472222,3.1
44.88258,12.565719999999999,16206.048611100001,3.0
44.8843,12.56652,16206.05,3.0
44.88597,12.56737,16206.0513889,3.0
44.88738,12.56807,16206.0527778,3.0
44.88905,12.56888,16206.0541667,2.9
44.89082,12.56985,16206.05625,3.0
44.89398,12.57167,16206.0590278,3.0
44.895720000000004,12.57268,16206.0604167,2.9
44.8972,12.57355,16206.0618056,3.0
44.89867,12.57275,16206.0631944,4.8
44.89665,12.567919999999999,16206.0659722,4.0
44.89382,12.56595,16206.068055599999,3.1
44.89125,12.56447,16206.0701389,3.1
44.888329999999996,12.563080000000001,16206.072916699999,3.2
44.885329999999996,12.5615,16206.075,3.2
44.88278,12.56002,16206.0770833,3.1
44.88143,12.55915,16206.0784722,3.2
44.8791,12.55757,16206.0805556,3.1
44.87642,12.55573,16206.083333300001,3.1
44.87323,12.55358,16206.0861111,3.0
44.87018,12.551630000000001,16206.0888889,3.0
44.86813,12.5505,16206.0902778,3.0
44.86665,12.5498,16206.0916667,3.0
44.86518,12.5492,16206.0930556,3.0
44.86303,12.54838,16206.0951389,3.0
44.85968,12.54712,16206.097916699999,3.0
44.85658,12.545869999999999,16206.1006944,3.0
44.85335,12.544830000000001,16206.1034722,3.0
44.85013,12.54368,16206.10625,3.0
44.84688,12.54233,16206.1090278,3.0
44.84478,12.54137,16206.111111100001,3.0
44.84155,12.539819999999999,16206.1138889,2.9
44.83852,12.53828,16206.1166667,2.9
44.8357,12.536669999999999,16206.119444400001,2.9
44.83287,12.534930000000001,16206.1215278,2.9
44.83065,12.53353,16206.1236111,2.9
44.82602,12.53063,16206.1284722,2.9
44.82378,12.52962,16206.1298611,3.0
44.82085,12.528880000000001,16206.1326389,0.7
44.82087,12.52942,16206.1347222,1.8
44.81923,12.53072,16206.1375,1.5
44.8183,12.531830000000001,16206.138888899999,1.0
44.8172,12.53185,16206.1416667,3.5
44.8861,12.46343,16210.33125,8.3
44.87601,12.46362,16210.3340278,7.8
44.8712,12.46467,16210.3361111,8.0
44.864470000000004,12.46533,16210.338194400001,7.9
44.85732,12.4653,16210.3402778,7.8
44.85093,12.46548,16210.3423611,7.7
44.8432,12.46562,16210.3451389,6.7
44.84002,12.4757,16210.3472222,9.2
44.836870000000005,12.4863,16210.349305599999,9.3
44.82969,12.5301,16210.3625,3.2
44.83265,12.53275,16210.3652778,3.2
44.83497,12.53455,16210.3673611,3.2
44.84383,12.54037,16210.375,3.2
44.84572,12.5416,16210.3763889,3.2
44.84867,12.54347,16210.379166699999,3.2
44.85052,12.5447,16210.380555599999,3.1
44.8521,12.54575,16210.3819444,3.2
44.85448,12.54733,16210.384027799999,3.2
44.85658,12.54872,16210.3861111,3.2
44.86242,12.552480000000001,16210.3909722,3.2
44.86482,12.55405,16210.3930556,3.2
44.86668,12.55523,16210.3951389,3.1
44.86957,12.55718,16210.397222200001,3.2
44.87185,12.55878,16210.3993056,3.1
44.87433,12.56048,16210.4013889,3.1
44.87663,12.56212,16210.4034722,3.1
44.87908,12.563830000000001,16210.40625,3.1
44.881170000000004,12.56527,16210.4076389,3.1
44.88423,12.56707,16210.410416699999,3.1
44.88682,12.56837,16210.4125,3.1
44.88982,12.56995,16210.415277799999,3.1
44.89478,12.57183,16210.4194444,3.1
44.89667,12.57248,16210.4208333,3.0
44.89832,12.572980000000001,16210.4222222,3.0
44.89995,12.57355,16210.423611100001,3.1
44.90208,12.57452,16210.4256944,3.0
44.90375,12.57555,16210.427083300001,3.0
44.90625,12.57837,16210.4298611,3.0
44.9075,12.58018,16210.43125,3.1
44.90885,12.582419999999999,16210.433333300001,3.0
44.91107,12.5862,16210.4361111,3.0
44.912729999999996,12.59055,16210.4388889,3.0
44.91367,12.5958,16210.4423611,3.0
44.91408,12.59932,16210.4444444,3.1
44.9147,12.60397,16210.4472222,3.0
44.91537,12.60857,16210.45,3.0
44.91575,12.61408,16210.4527778,3.0
44.9159,12.61693,16210.454861100001,3.0
44.91607,12.620230000000001,16210.4569444,3.0
44.91603,12.62555,16210.459722200001,3.0
44.91588,12.6283,16210.4611111,3.0
44.91577,12.630469999999999,16210.463194400001,0.1
44.91555,12.63203,16210.4659722,1.7
44.91545,12.63452,16210.46875,3.4
44.91248,12.64875,16210.4715278,9.3
44.90948,12.66077,16210.474305599999,9.4
44.90468,12.679,16210.477777799999,7.9
44.903,12.68507,16210.4805556,4.7
44.90113,12.69192,16210.4840278,3.0
44.90018,12.69745,16210.4875,3.0
44.89953,12.704930000000001,16210.4916667,3.1
44.89897,12.71045,16210.4951389,3.0
44.89837,12.71473,16210.4972222,3.1
44.898,12.71805,16210.4993056,3.0
44.8978,12.7204,16210.5006944,3.1
44.89768,12.72403,16210.5027778,3.1
44.89763,12.72642,16210.504166699999,3.0
44.89758,12.73097,16210.5069444,3.0
44.8975,12.73515,16210.509027799999,3.1
44.8974,12.73733,16210.510416699999,3.1
44.897220000000004,12.739519999999999,16210.5118056,3.0
44.89667,12.74357,16210.5145833,3.1
44.896029999999996,12.74657,16210.5159722,3.0
44.894870000000004,12.75,16210.5180556,3.1
44.89297,12.75262,16210.520833300001,3.1
44.8909,12.755,16210.5229167,3.1
44.88882,12.757480000000001,16210.525,3.1
44.88657,12.76045,16210.5277778,3.1
44.884570000000004,12.76322,16210.5298611,3.0
44.88217,12.76662,16210.5326389,3.0
44.879670000000004,12.77007,16210.535416699999,3.0
44.87733,12.77288,16210.5381944,3.0
44.874829999999996,12.77577,16210.5409722,3.0
44.87218,12.77875,16210.54375,3.0
44.869679999999995,12.7817,16210.5458333,3.0
44.8683,12.783380000000001,16210.5479167,3.0
44.86582,12.78633,16210.55,3.0
44.86457,12.78782,16210.5513889,3.0
44.86327,12.7893,16210.5527778,3.0
44.8616,12.79125,16210.5548611,2.9
44.85952,12.79375,16210.556944400001,3.0
44.85815,12.7954,16210.5590278,3.0
44.856120000000004,12.7977,16210.5611111,3.0
44.85445,12.79947,16210.5625,3.0
44.8532,12.80073,16210.5638889,3.0
44.851620000000004,12.80232,16210.5652778,3.0
44.85022,12.8036,16210.566666699999,3.0
44.84868,12.8049,16210.56875,3.0
44.84557,12.80743,16210.571527799999,3.0
44.84263,12.80977,16210.5743056,3.0
44.83988,12.81197,16210.5770833,3.0
44.8368,12.81443,16210.579861100001,3.0
44.83525,12.815669999999999,16210.58125,2.9
44.8338,12.8168,16210.5826389,3.0
44.8322,12.818019999999999,16210.5840278,3.1
44.83072,12.819180000000001,16210.5854167,3.0
44.829240000000006,12.82033,16210.5868056,3.1
44.82763,12.82145,16210.5888889,2.9
44.82687,12.82167,16210.5916667,1.9
44.82573,12.822000000000001,16210.5930556,1.7
44.82458,12.8222,16210.5951389,2.7
44.82158,12.82165,16210.597916699999,3.8
44.8232,12.81655,16210.6,4.9
44.82492,12.80905,16210.602777799999,3.2
44.82605,12.80458,16210.604166699999,4.2
44.82737,12.80087,16210.6069444,3.1
44.8294,12.79778,16210.6090278,3.1
44.83167,12.79513,16210.6118056,3.0
44.83435,12.79255,16210.614583300001,3.1
44.83742,12.78967,16210.6173611,3.1
44.84045,12.786719999999999,16210.6201389,3.0
44.841840000000005,12.78532,16210.6215278,3.0
44.8435,12.78355,16210.6236111,3.0
44.845,12.78177,16210.625,3.0
44.84625,12.78022,16210.6263889,3.0
44.84747,12.77862,16210.6277778,3.0
44.84982,12.77552,16210.630555599999,3.0
44.85132,12.773530000000001,16210.6326389,3.0
44.85368,12.770480000000001,16210.6347222,3.0
44.85563,12.76798,16210.6375,3.0
44.85848,12.76427,16210.6402778,2.9
44.85972,12.76275,16210.6416667,3.0
44.86112,12.76095,16210.64375,2.9
44.86343,12.75793,16210.645833300001,3.0
44.86448,12.7564,16210.647222200001,3.0
44.86565,12.754769999999999,16210.6486111,3.0
44.86688,12.7532,16210.65,3.0
44.867940000000004,12.75142,16210.6513889,3.0
44.86889,12.74947,16210.6527778,3.0
44.86963,12.7474,16210.6541667,3.0
44.87025,12.745230000000001,16210.6555556,3.0
44.87075,12.7432,16210.6569444,3.0
44.8712,12.74093,16210.6583333,3.0
44.87167,12.738480000000001,16210.6597222,3.0
44.872370000000004,12.73462,16210.6625,3.0
44.87287,12.73175,16210.6638889,3.0
44.87323,12.729280000000001,16210.665277799999,3.0
44.87363,12.726569999999999,16210.6673611,3.0
44.8744,12.72198,16210.670138899999,3.0
44.8757,12.7172,16210.6729167,3.0
44.87767,12.71367,16210.6756944,3.0
44.88012,12.71073,16210.678472200001,3.1
44.88282,12.70785,16210.68125,3.1
44.88515,12.70533,16210.683333300001,3.0
44.88713,12.70317,16210.6854167,3.1
44.888999999999996,12.70105,16210.6875,3.1
44.89175,12.69842,16210.6902778,3.0
44.895070000000004,12.696,16210.693055599999,3.0
44.89658,12.694980000000001,16210.6944444,3.0
44.89805,12.69392,16210.6958333,3.0
44.90083,12.69158,16210.6986111,3.0
44.90225,12.6903,16210.7,3.0
44.90355,12.6891,16210.701388899999,3.1
44.90495,12.6878,16210.7027778,3.0
44.90692,12.68593,16210.704861100001,3.0
44.909420000000004,12.68348,16210.7076389,3.0
44.91202,12.68052,16210.7104167,3.1
44.9145,12.67758,16210.7125,3.1
44.91538,12.676630000000001,16210.7138889,0.0
44.91607,12.67597,16210.7166667,2.4
44.91697,12.67517,16210.71875,2.4
44.91942,12.67262,16210.7208333,3.6
44.922270000000005,12.66748,16210.724305599999,4.3
44.92333,12.66115,16210.7263889,9.4
44.923,12.64827,16210.7284722,7.8
44.9229,12.6439,16210.7298611,3.0
44.92297,12.64027,16210.73125,5.2
44.9231,12.63743,16210.732638899999,3.1
44.9228,12.63288,16210.7354167,3.1
44.9224,12.62935,16210.7375,3.1
44.92205,12.62642,16210.739583300001,3.1
44.9216,12.62288,16210.7416667,3.1
44.92102,12.61932,16210.74375,3.1
44.92028,12.61605,16210.7451389,3.1
44.91968,12.6138,16210.7465278,3.1
44.91908,12.61177,16210.7479167,3.1
44.91773,12.60773,16210.7506944,3.1
44.91652,12.60408,16210.7527778,3.1
44.91537,12.60058,16210.7548611,3.1
44.91478,12.59868,16210.75625,3.1
44.91363,12.59477,16210.759027799999,3.1
44.91252,12.59147,16210.7611111,3.1
44.9104,12.58658,16210.763888899999,3.0
44.9093,12.58487,16210.7652778,3.0
44.90802,12.58343,16210.7666667,2.9
44.9066,12.58235,16210.7680556,2.9
44.90473,12.58127,16210.7701389,3.0
44.90165,12.57925,16210.7729167,3.0
44.89887,12.57732,16210.775694400001,3.0
44.89713,12.576080000000001,16210.777083300001,2.9
44.89568,12.57502,16210.7784722,3.0
44.89423,12.57392,16210.7798611,3.0
44.892920000000004,12.57288,16210.78125,3.0
44.891420000000004,12.57168,16210.7826389,2.9
44.89002,12.57058,16210.7840278,2.9
44.88835,12.569280000000001,16210.7861111,2.9
44.88542,12.56738,16210.7888889,2.9
44.88227,12.565669999999999,16210.791666699999,3.0
44.88037,12.56467,16210.7930556,2.9
44.878820000000005,12.563880000000001,16210.7944444,3.0
44.87725,12.56315,16210.7958333,3.0
44.875679999999996,12.56242,16210.7972222,3.0
44.87415,12.5617,16210.798611100001,3.0
44.87247,12.56093,16210.8,3.0
44.87107,12.56027,16210.8013889,2.9
44.86953,12.5595,16210.8027778,3.0
44.86795,12.55857,16210.8048611,3.0
44.86458,12.55648,16210.8076389,3.0
44.86065,12.55408,16210.8111111,2.9
44.85773,12.55237,16210.8138889,2.9
44.8562,12.55152,16210.8152778,2.9
44.854820000000004,12.55078,16210.816666699999,2.9
44.8528,12.54975,16210.81875,2.9
44.85027,12.54855,16210.8208333,2.9
44.848,12.54747,16210.822916699999,2.9
44.84623,12.546619999999999,16210.8243056,3.0
44.84473,12.54588,16210.8256944,2.9
44.84333,12.54515,16210.8270833,2.9
44.84185,12.544319999999999,16210.8284722,2.9
44.84045,12.54342,16210.829861100001,2.9
44.83832,12.54192,16210.8319444,2.9
44.836929999999995,12.54093,16210.833333300001,2.8
44.83552,12.53995,16210.834722200001,2.8
44.83365,12.538680000000001,16210.8368056,2.8
44.83178,12.53745,16210.8388889,2.9
44.82898,12.53545,16210.8416667,2.8
44.82757,12.53428,16210.8430556,0.2
44.82697,12.5334,16210.8465278,1.4
44.82618,12.53208,16210.847916699999,0.5
44.82557,12.53127,16210.849305599999,3.0
44.82275,12.53078,16210.8513889,6.1
44.82622,12.53365,16210.8534722,5.6
44.82847,12.53543,16210.8555556,3.1
44.831179999999996,12.53713,16210.857638899999,3.1
44.83375,12.53852,16210.8597222,3.2
44.83717,12.5401,16210.8625,3.2
44.83982,12.54135,16210.864583300001,3.2
44.84153,12.54217,16210.865972200001,3.3
44.84407,12.54342,16210.8680556,3.2
44.84615,12.54458,16210.8701389,3.2
44.84918,12.54642,16210.8722222,3.2
44.85053,12.54727,16210.8736111,3.2
44.85352,12.5492,16210.8763889,3.3
44.85617,12.5509,16210.8784722,3.2
44.85873,12.55258,16210.880555599999,3.2
44.86095,12.55402,16210.8826389,3.2
44.86367,12.555769999999999,16210.8847222,3.3
44.8667,12.55762,16210.8875,3.2
44.86983,12.55965,16210.8902778,3.3
44.87233,12.5614,16210.892361100001,3.2
44.87506,12.56325,16210.8944444,3.2
44.87786,12.56513,16210.897222200001,3.2
44.88078,12.566980000000001,16210.8993056,3.2
44.8832,12.56668,16210.9013889,3.5
44.88342,12.56295,16210.9034722,4.8
44.88066,12.5612,16210.9048611,3.2
44.878370000000004,12.56022,16210.9069444,2.9
44.8767,12.55948,16210.9090278,2.9
44.87352,12.55857,16210.911805599999,2.9
44.871179999999995,12.55752,16210.9138889,3.0
44.86908,12.55625,16210.915277799999,2.9
44.8675,12.55517,16210.9173611,2.9
44.86463,12.55313,16210.920138899999,2.9
44.86152,12.55102,16210.9229167,2.9
44.85833,12.548969999999999,16210.9256944,2.9
44.856970000000004,12.54805,16210.927083300001,3.0
44.8555,12.54705,16210.928472200001,3.0
44.85388,12.545919999999999,16210.9298611,3.0
44.85095,12.54415,16210.9326389,3.0
44.84918,12.5432,16210.9340278,3.0
44.8475,12.5423,16210.9361111,3.0
44.843999999999994,12.54048,16210.9388889,3.0
44.841770000000004,12.53932,16210.9409722,3.0
44.83688,12.53662,16210.9451389,3.1
44.83467,12.53527,16210.9472222,3.1
44.831070000000004,12.53303,16210.9506944,3.1
44.8285,12.5314,16210.9527778,3.1
44.82567,12.529530000000001,16210.9555556,3.0
44.8229,12.52768,16210.9576389,3.1
44.82053,12.52613,16210.959722200001,3.1
44.81863,12.52493,16210.9625,0.1
44.81818,12.52475,16210.9638889,2.0
44.81727,12.52435,16210.9652778,1.5
44.81538,12.52407,16210.9680556,3.5
44.816720000000004,12.52617,16210.9701389,7.5
44.82085,12.52802,16210.9722222,3.1
44.8244,12.53003,16210.974305599999,3.1
44.8268,12.53135,16210.9763889,3.1
44.82922,12.532630000000001,16210.9784722,3.1
44.83057,12.53328,16210.9798611,3.1
44.83327,12.53502,16210.9819444,3.1
44.83548,12.53685,16210.9840278,3.1
44.836690000000004,12.53792,16210.9854167,3.1
44.83883,12.5398,16210.9875,3.1
44.84162,12.541730000000001,16210.9902778,3.1
44.84381,12.54312,16210.9923611,3.1
44.846779999999995,12.545119999999999,16210.994444400001,3.1
44.848279999999995,12.54618,16210.995833300001,3.1
44.850629999999995,12.54797,16210.9986111,3.1
44.852779999999996,12.54963,16211.0,3.1
44.85403,12.55065,16211.0013889,3.1
44.85629,12.552480000000001,16211.0034722,3.1
44.85815,12.55387,16211.005555599999,3.0
44.861470000000004,12.55592,16211.0083333,3.0
44.86458,12.55748,16211.0111111,3.0
44.86685,12.55855,16211.0131944,3.0
44.86912,12.55958,16211.0152778,3.0
44.872370000000004,12.56115,16211.0180556,3.0
44.87538,12.56268,16211.020833300001,3.0
44.8781,12.564169999999999,16211.0229167,3.0
44.8808,12.56558,16211.025694400001,3.0
44.8839,12.567219999999999,16211.0284722,3.0
44.887170000000005,12.5686,16211.03125,2.9
44.88908,12.56948,16211.0326389,2.9
44.8906,12.5703,16211.0340278,2.9
44.8921,12.57115,16211.035416699999,2.9
44.89371,12.57213,16211.036805599999,2.9
44.89568,12.573369999999999,16211.0388889,2.9
44.8985,12.57515,16211.041666699999,2.9
44.90145,12.57703,16211.0444444,2.9
44.90443,12.5791,16211.0472222,2.9
44.90568,12.5805,16211.048611100001,2.9
44.90695,12.582180000000001,16211.05,3.0
44.90807,12.58387,16211.0513889,2.9
44.909279999999995,12.58572,16211.0527778,3.0
44.910270000000004,12.58728,16211.0541667,2.9
44.91142,12.58892,16211.0555556,3.0
44.91265,12.59042,16211.056944400001,2.9
44.91393,12.59182,16211.058333300001,3.0
44.91548,12.59338,16211.0604167,3.0
44.91778,12.5958,16211.0625,3.0
44.91903,12.59732,16211.0638889,3.0
44.92027,12.598930000000001,16211.0652778,3.0
44.9215,12.60073,16211.066666699999,3.0
44.92265,12.60243,16211.068055599999,3.0
44.92387,12.60427,16211.0694444,3.0
44.92498,12.60597,16211.0708333,2.9
44.92602,12.60752,16211.0722222,2.9
44.92713,12.60922,16211.0736111,3.0
44.9285,12.61133,16211.0756944,2.9
44.9305,12.61472,16211.0784722,2.9
44.93253,12.61833,16211.08125,2.9
44.93462,12.62203,16211.0840278,2.9
44.93595,12.62468,16211.0868056,0.4
44.93632,12.62632,16211.089583300001,1.6
44.93658,12.6295,16211.0923611,3.4
44.935970000000005,12.63298,16211.0944444,3.7
44.933170000000004,12.62872,16211.0965278,3.6
44.9303,12.624830000000001,16211.099305599999,1.7
44.92845,12.62245,16211.1013889,3.2
44.92593,12.61927,16211.104166699999,3.2
44.92388,12.61657,16211.10625,3.2
44.92175,12.613669999999999,16211.1083333,3.2
44.92025,12.61163,16211.1097222,3.2
44.91823,12.60885,16211.1125,3.2
44.91605,12.60572,16211.114583300001,3.2
44.91442,12.60252,16211.1166667,3.2
44.91275,12.59862,16211.119444400001,3.2
44.91115,12.5947,16211.1222222,3.2
44.90958,12.59125,16211.1243056,3.1
44.90715,12.586969999999999,16211.1270833,3.1
44.90602,12.58515,16211.1284722,3.1
44.904579999999996,12.582880000000001,16211.130555599999,3.1
44.90323,12.58105,16211.1319444,3.1
44.9011,12.57863,16211.134027799999,3.2
44.89885,12.57648,16211.1361111,3.2
44.8964,12.57468,16211.1381944,3.2
44.89482,12.57352,16211.1395833,3.2
44.89322,12.5724,16211.1409722,3.2
44.8919,12.57147,16211.142361100001,3.2
44.8894,12.56965,16211.1444444,3.2
44.88675,12.56775,16211.147222200001,3.1
44.88378,12.56602,16211.1493056,3.2
44.88197,12.5651,16211.150694400001,3.2
44.8799,12.56408,16211.1527778,3.2
44.876979999999996,12.5625,16211.1548611,3.2
44.87563,12.56167,16211.15625,3.2
44.87312,12.56002,16211.1583333,3.2
44.87025,12.558,16211.1611111,3.2
44.8676,12.55618,16211.1631944,3.2
44.86555,12.554680000000001,16211.165277799999,3.2
44.86295,12.55282,16211.1673611,3.1
44.8606,12.551169999999999,16211.1694444,3.2
44.85862,12.54985,16211.1715278,3.1
44.85633,12.54827,16211.173611100001,3.1
44.853970000000004,12.54672,16211.1756944,3.1
44.85133,12.54505,16211.1777778,3.1
44.84918,12.5438,16211.1798611,3.1
44.846920000000004,12.542530000000001,16211.181944400001,3.1
44.84398,12.54097,16211.1840278,3.2
44.842220000000005,12.54005,16211.1854167,3.2
44.84045,12.5391,16211.1875,3.1
44.83821,12.53777,16211.1888889,3.1
44.83598,12.53642,16211.1909722,3.1
44.833220000000004,12.53477,16211.19375,3.1
44.83097,12.5334,16211.1958333,3.1
44.828,12.53177,16211.197916699999,3.1
44.82607,12.53082,16211.2,3.1
44.82295,12.52935,16211.2020833,3.1
44.82162,12.52875,16211.2034722,3.1
44.81885,12.52743,16211.2055556,3.1
44.81612,12.5262,16211.208333300001,3.2
44.81337,12.52475,16211.2104167,3.1
44.8114,12.52358,16211.2125,3.1
44.809870000000004,12.52258,16211.2152778,2.2
44.80855,12.52173,16211.2173611,1.9
44.80727,12.52095,16211.2194444,0.3
44.80685,12.51925,16211.2222222,4.8
44.80617,12.51163,16211.225,5.4
44.8859,12.463569999999999,16211.7493056,8.8
44.88118,12.46555,16211.7506944,8.7
44.87688,12.46367,16211.7520833,8.0
44.86937,12.46485,16211.7548611,8.2
44.86175,12.46552,16211.7569444,8.5
44.8539,12.46535,16211.759027799999,8.4
44.84997,12.46545,16211.760416699999,8.5
44.84347,12.46567,16211.7625,8.3
44.83945,12.476180000000001,16211.7645833,9.2
44.83602,12.487219999999999,16211.7666667,9.2
44.83352,12.49558,16211.76875,9.2
44.82902,12.507819999999999,16211.7715278,9.3
44.82516,12.51848,16211.7736111,8.2
44.8273,12.5235,16211.775694400001,5.1
44.82945,12.52738,16211.7777778,3.1
44.8304,12.52885,16211.7791667,3.1
44.83222,12.53115,16211.78125,3.1
44.83465,12.53328,16211.7833333,3.1
44.8373,12.53525,16211.7861111,3.1
44.83983,12.53705,16211.7881944,3.1
44.84213,12.53875,16211.790277799999,3.1
44.84467,12.54072,16211.7923611,3.1
44.845929999999996,12.54172,16211.79375,3.1
44.84853,12.543569999999999,16211.7958333,3.1
44.850629999999995,12.544780000000001,16211.7979167,3.1
44.85345,12.54627,16211.8,3.1
44.85468,12.54688,16211.8013889,3.1
44.85722,12.5482,16211.803472200001,3.1
44.85937,12.549430000000001,16211.8055556,3.1
44.86175,12.55092,16211.8076389,3.1
44.86385,12.55222,16211.8097222,3.1
44.86609,12.553519999999999,16211.8111111,3.1
44.8685,12.55488,16211.8131944,3.1
44.87093,12.55618,16211.8152778,3.1
44.872279999999996,12.5569,16211.816666699999,3.1
44.873870000000004,12.55775,16211.818055599999,3.0
44.87543,12.5586,16211.8194444,3.0
44.877829999999996,12.5598,16211.821527799999,3.0
44.88068,12.56132,16211.8243056,3.1
44.882979999999996,12.56252,16211.826388899999,3.1
44.8861,12.564169999999999,16211.8291667,3.0
44.88928,12.56588,16211.83125,3.0
44.89085,12.56678,16211.8326389,3.0
44.89268,12.567919999999999,16211.834722200001,3.0
44.89445,12.56908,16211.8361111,3.0
44.89577,12.56997,16211.8375,3.1
44.89842,12.5717,16211.839583300001,3.1
44.90083,12.573319999999999,16211.8423611,3.1
44.90348,12.57518,16211.8444444,3.1
44.905570000000004,12.576880000000001,16211.8465278,3.1
44.9085,12.5797,16211.849305599999,3.1
44.91133,12.58253,16211.8520833,3.0
44.91255,12.58378,16211.8534722,3.0
44.9151,12.58615,16211.85625,3.0
44.917629999999996,12.5883,16211.8583333,3.1
44.919779999999996,12.59022,16211.8604167,3.1
44.92503,12.59527,16211.865972200001,3.0
44.9274,12.59778,16211.8680556,3.1
44.92958,12.60032,16211.870833300001,3.1
44.93187,12.603019999999999,16211.8729167,3.1
44.93438,12.60595,16211.8756944,3.1
44.93647,12.60833,16211.8777778,3.1
44.9379,12.60995,16211.879166699999,3.1
44.93935,12.61163,16211.880555599999,3.1
44.94138,12.61403,16211.8833333,0.2
44.94195,12.61457,16211.8861111,2.1
44.943670000000004,12.61585,16211.8881944,1.9
44.94463,12.615,16211.8909722,3.4
44.94143,12.6116,16211.8930556,3.7
44.93845,12.60787,16211.895833300001,3.0
44.93575,12.605269999999999,16211.8986111,2.9
44.932970000000005,12.60287,16211.9013889,3.0
44.93002,12.60038,16211.9041667,3.0
44.92732,12.59812,16211.9069444,3.0
44.924620000000004,12.595469999999999,16211.9097222,3.0
44.922,12.59295,16211.911805599999,3.0
44.92068,12.5918,16211.9131944,3.0
44.91865,12.59,16211.915277799999,2.9
44.91673,12.58827,16211.9173611,2.9
44.9154,12.58708,16211.91875,2.9
44.91405,12.58588,16211.920138899999,2.9
44.91179,12.58388,16211.9222222,2.9
44.9105,12.58285,16211.923611100001,2.9
44.909079999999996,12.58173,16211.925,2.9
44.90773,12.58082,16211.9263889,3.0
44.90477,12.57882,16211.9291667,2.9
44.90305,12.57767,16211.93125,3.0
44.89995,12.575569999999999,16211.9340278,3.0
44.897,12.57355,16211.9368056,3.0
44.89475,12.57197,16211.9388889,3.0
44.8923,12.5702,16211.9409722,3.0
44.89085,12.56908,16211.9423611,3.0
44.88868,12.56745,16211.9444444,2.9
44.88625,12.56568,16211.946527799999,3.0
44.88482,12.564630000000001,16211.947916699999,2.9
44.88355,12.5637,16211.9493056,2.9
44.88095,12.5618,16211.9520833,3.0
44.87798,12.5597,16211.954861100001,3.0
44.875029999999995,12.55782,16211.9576389,3.0
44.87193,12.55622,16211.9604167,3.0
44.86908,12.55477,16211.9625,3.0
44.86768,12.554030000000001,16211.9638889,3.0
44.86618,12.553230000000001,16211.9652778,3.0
44.8641,12.55212,16211.9673611,3.0
44.86117,12.55043,16211.9701389,3.0
44.85803,12.54867,16211.972916699999,3.0
44.8551,12.54698,16211.9756944,3.0
44.8522,12.54527,16211.9784722,3.0
44.85007,12.54402,16211.9798611,3.0
44.84868,12.5432,16211.98125,3.0
44.84722,12.54228,16211.982638899999,2.9
44.84568,12.54137,16211.9840278,2.9
44.84426,12.54053,16211.9854167,2.9
44.84127,12.53872,16211.9881944,3.0
44.83838,12.53692,16211.990972200001,3.0
44.83543,12.53507,16211.99375,3.0
44.8324,12.53317,16211.9965278,3.0
44.83065,12.53205,16211.9979167,3.0
44.829029999999996,12.53103,16211.9993056,3.0
44.82752,12.5301,16212.0006944,3.0
44.82598,12.52915,16212.0020833,3.0
44.82448,12.52818,16212.0034722,3.0
44.82298,12.52723,16212.0048611,3.0
44.8222,12.5265,16212.0076389,1.9
44.82145,12.5257,16212.009027799999,2.0
44.81978,12.52345,16212.0118056,3.7
44.81783,12.5215,16212.013888899999,2.5
44.82087,12.52422,16212.0159722,4.5
44.82267,12.52553,16212.017361100001,3.3
44.8251,12.52745,16212.01875,2.9
44.82635,12.52842,16212.0201389,3.1
44.829029999999996,12.53043,16212.022222200001,3.1
44.83038,12.53148,16212.0236111,3.1
44.83282,12.5333,16212.0263889,3.1
44.83525,12.5349,16212.0284722,3.1
44.8378,12.53652,16212.0305556,3.1
44.83952,12.53757,16212.0326389,3.1
44.84227,12.53927,16212.0347222,3.1
44.84487,12.54093,16212.036805599999,3.1
44.8472,12.54247,16212.0388889,3.1
44.8498,12.54417,16212.0409722,3.1
44.852129999999995,12.54567,16212.0430556,3.1
44.85345,12.5465,16212.0444444,3.1
44.8559,12.54803,16212.0465278,3.1
44.85825,12.54955,16212.048611100001,3.1
44.86058,12.55103,16212.0506944,3.1
44.8629,12.55255,16212.0527778,3.1
44.86523,12.55402,16212.0548611,3.1
44.86797,12.555769999999999,16212.0576389,3.1
44.87038,12.557269999999999,16212.0597222,3.1
44.87285,12.558819999999999,16212.0618056,3.1
44.878370000000004,12.56217,16212.066666699999,3.1
44.87992,12.56312,16212.068055599999,3.1
44.88187,12.56432,16212.0694444,3.1
44.882979999999996,12.56653,16212.071527799999,4.2
44.879329999999996,12.56828,16212.0736111,4.3
44.87618,12.566469999999999,16212.076388899999,3.2
44.87317,12.564119999999999,16212.0791667,3.1
44.87097,12.5622,16212.08125,3.1
44.86817,12.55993,16212.0840278,3.1
44.8662,12.5584,16212.0854167,3.1
44.86437,12.55702,16212.0875,3.1
44.86207,12.55538,16212.089583300001,3.1
44.85918,12.5533,16212.0923611,3.1
44.8567,12.55148,16212.0944444,3.1
44.85495,12.5502,16212.0965278,3.1
44.85165,12.54772,16212.099305599999,3.0
44.849270000000004,12.5459,16212.1013889,3.1
44.84715,12.54427,16212.1034722,3.1
44.84433,12.54205,16212.10625,3.1
44.8414,12.53975,16212.1090278,3.0
44.83895,12.5378,16212.111111100001,3.1
44.83752,12.53657,16212.1125,3.0
44.83527,12.53452,16212.114583300001,3.1
44.83133,12.53055,16212.11875,3.1
44.82887,12.52802,16212.1215278,3.0
44.827,12.52623,16212.1229167,3.0
44.82563,12.52487,16212.1243056,3.0
44.8227,12.5214,16212.1284722,0.4
44.8227,12.52083,16212.1298611,2.2
44.8225,12.51927,16212.13125,1.9
44.8225,12.5176,16212.1326389,1.5
44.8235,12.51587,16212.1347222,2.8
44.82376,12.51948,16212.1368056,6.7
44.82542,12.52247,16212.1381944,2.8
44.82817,12.52755,16212.1409722,3.1
44.8297,12.528880000000001,16212.142361100001,3.0
44.8317,12.53028,16212.1444444,3.0
44.83337,12.531369999999999,16212.145833300001,3.1
44.83552,12.5329,16212.1479167,3.0
44.83755,12.53458,16212.15,3.0
44.839079999999996,12.535969999999999,16212.1513889,3.0
44.8406,12.53737,16212.1527778,3.0
44.841879999999996,12.5386,16212.1541667,3.0
44.84328,12.53988,16212.1555556,3.0
44.84533,12.5416,16212.1576389,3.1
44.84745,12.543280000000001,16212.1597222,3.1
44.85017,12.54533,16212.161805599999,3.1
44.85153,12.5463,16212.1631944,3.1
44.85333,12.54752,16212.165277799999,3.0
44.8555,12.54893,16212.166666699999,3.1
44.85707,12.5499,16212.1680556,3.1
44.85837,12.55075,16212.1694444,3.1
44.86355,12.5539,16212.1743056,3.1
44.86637,12.55567,16212.1763889,3.0
44.86877,12.55878,16212.1798611,3.2
44.86600000000001,12.5613,16212.181944400001,4.9
44.86302,12.55922,16212.1840278,3.2
44.8608,12.5574,16212.1861111,3.1
44.8583,12.5546,16212.1888889,3.1
44.85583,12.551919999999999,16212.1909722,3.1
44.85288,12.54917,16212.19375,3.1
44.85115,12.54775,16212.1958333,3.1
44.84835,12.54557,16212.197916699999,3.1
44.84675,12.54428,16212.2,3.1
44.84398,12.54195,16212.2020833,3.1
44.84263,12.54083,16212.2034722,3.1
44.84117,12.53963,16212.204861100001,3.1
44.8396,12.53832,16212.20625,3.0
44.8382,12.53705,16212.2076389,3.1
44.83695,12.53603,16212.2090278,3.1
44.8343,12.53382,16212.2118056,3.0
44.831379999999996,12.53145,16212.214583300001,3.0
44.8285,12.52937,16212.2173611,3.0
44.82468,12.526480000000001,16212.2208333,3.1
44.8229,12.52515,16212.2222222,3.1
44.82096,12.5236,16212.224305599999,3.0
44.81805,12.52125,16212.2270833,3.0
44.81648,12.52,16212.2284722,3.0
44.81477,12.51863,16212.2298611,3.0
44.81268,12.51698,16212.2319444,3.1
44.81093,12.5156,16212.2333333,3.0
44.80637,12.51185,16212.2381944,3.0
44.83632,12.54158,16216.943055599999,2.9
44.81015,12.522780000000001,16216.9847222,3.1
44.8053,12.51482,16217.0263889,2.8
44.81042,12.52228,16217.1097222,2.9
44.83553,12.53652,16217.193055599999,3.0
44.79317,12.505469999999999,16217.2347222,3.0
44.8827,12.46468,16219.7493056,6.9
44.875029999999995,12.46383,16219.7520833,7.9
44.86795,12.46505,16219.754166699999,8.1
44.86022,12.46535,16219.75625,7.9
44.85273,12.46535,16219.759027799999,8.0
44.8449,12.465580000000001,16219.7611111,8.1
44.839929999999995,12.47452,16219.763888899999,9.1
44.83652,12.48465,16219.7659722,9.2
44.83355,12.4945,16219.7680556,9.1
44.8294,12.50688,16219.770833300001,9.1
44.82498,12.5174,16219.7729167,8.0
44.82508,12.520999999999999,16219.7743056,2.7
44.82558,12.526580000000001,16219.777083300001,3.0
44.82758,12.53008,16219.7798611,3.0
44.8292,12.53163,16219.78125,3.0
44.83083,12.5327,16219.7826389,3.0
44.8324,12.53357,16219.7840278,3.1
44.8349,12.53502,16219.7861111,3.1
44.83657,12.53615,16219.7881944,3.1
44.83878,12.53788,16219.790277799999,3.1
44.84422,12.54272,16219.795138899999,3.1
44.84653,12.54462,16219.7972222,3.1
44.84803,12.54577,16219.798611100001,3.1
44.85042,12.54758,16219.8006944,3.1
44.85218,12.5489,16219.8027778,3.1
44.85395,12.55193,16219.8048611,3.3
44.85055,12.5537,16219.8076389,4.8
44.84708,12.55065,16219.8104167,3.2
44.84497,12.54837,16219.8125,3.2
44.84328,12.54655,16219.8138889,3.2
44.84122,12.54428,16219.8159722,3.2
44.8393,12.54228,16219.818055599999,3.2
44.8149,12.521519999999999,16219.8402778,3.2
44.81135,12.51852,16219.84375,3.2
44.80703,12.51493,16219.847916699999,3.2
44.79398,12.50285,16219.8597222,3.2
44.79227,12.50122,16219.8618056,3.2
44.79612,12.50463,16219.9125,3.0
44.81555,12.52103,16219.93125,3.0
44.81707,12.5224,16219.933333300001,3.0
44.82058,12.52525,16219.9368056,2.9
44.82267,12.52692,16219.9388889,2.9
44.8265,12.53112,16219.943055599999,2.9
44.82997,12.53518,16219.946527799999,2.9
44.83202,12.53753,16219.9493056,2.9
44.834920000000004,12.53968,16219.9520833,2.9
44.83775,12.536480000000001,16219.9555556,5.1
44.834720000000004,12.53365,16219.9576389,3.3
44.8308,12.53167,16219.9611111,3.2
44.82638,12.52928,16219.964583300001,3.2
44.815979999999996,12.52253,16219.9736111,3.3
44.81272,12.52027,16219.9763889,3.2
44.80585,12.516119999999999,16219.9819444,3.2
44.80125,12.51212,16219.986111100001,3.2
44.79455,12.50487,16219.9923611,3.3
44.793079999999996,12.50335,16219.99375,3.3
44.79123,12.501430000000001,16219.995833300001,3.3
44.789429999999996,12.49953,16219.9972222,3.3
44.7865,12.49648,16220.0,3.3
44.78482,12.49473,16220.0020833,3.3
44.78285,12.49308,16220.0048611,0.3
44.78137,12.4929,16220.0069444,1.9
44.77948,12.49352,16220.009027799999,3.2
44.7796,12.49488,16220.010416699999,3.1
44.78338,12.49518,16220.0125,5.9
44.78518,12.4955,16220.013888899999,5.0
44.78757,12.49607,16220.0152778,2.5
44.78908,12.49708,16220.0166667,3.0
44.79037,12.49853,16220.0180556,3.0
44.79167,12.5005,16220.0201389,3.0
44.793929999999996,12.50355,16220.0229167,2.9
44.79653,12.50653,16220.025694400001,2.9
44.79913,12.50915,16220.0284722,2.9
44.80172,12.51158,16220.03125,3.0
44.80422,12.5139,16220.0333333,2.9
44.805820000000004,12.51533,16220.035416699999,2.9
44.80877,12.51803,16220.0381944,3.0
44.81177,12.52082,16220.0409722,2.9
44.813179999999996,12.52197,16220.0423611,2.9
44.81479,12.52335,16220.0444444,2.9
44.818670000000004,12.526769999999999,16220.0479167,2.9
44.83205,12.53852,16220.0618056,2.9
44.8353,12.54198,16220.0652778,2.9
44.836999999999996,12.54382,16220.0673611,2.9
44.83983,12.54683,16220.0701389,3.0
44.84313,12.55038,16220.0736111,3.0
44.84583,12.55357,16220.076388899999,3.0
44.847429999999996,12.55538,16220.0784722,3.0
44.85007,12.5537,16220.08125,5.1
44.84697,12.54915,16220.083333300001,3.1
44.84448,12.54725,16220.0861111,3.1
44.84187,12.54565,16220.088194400001,3.1
44.84003,12.54448,16220.089583300001,3.1
44.83683,12.54267,16220.0923611,3.1
44.83525,12.54177,16220.09375,3.1
44.82648,12.53682,16220.1013889,3.1
44.8239,12.534980000000001,16220.104166699999,3.1
44.80575,12.51993,16220.120833300001,3.1
44.80343,12.51803,16220.1229167,3.0
44.81805,12.52768,16220.1486111,3.1
44.82628,12.5334,16220.1555556,3.1
44.82827,12.53508,16220.1576389,3.1
44.83327,12.53893,16220.1625,3.1
44.8375,12.54152,16220.1659722,3.1
44.84093,12.54367,16220.16875,3.1
44.8438,12.5456,16220.1715278,3.1
44.84688,12.54772,16220.1743056,3.1
44.84883,12.54907,16220.1756944,3.1
44.85037,12.5498,16220.177083300001,3.6
44.84902,12.54442,16220.1798611,5.0
44.84637,12.54275,16220.181944400001,3.1
44.84381,12.54097,16220.1840278,3.1
44.84227,12.54003,16220.1854167,3.0
44.84067,12.53922,16220.1868056,3.0
44.83885,12.5383,16220.1888889,3.0
44.836000000000006,12.536769999999999,16220.1909722,3.1
44.83292,12.5347,16220.19375,3.0
44.83142,12.53353,16220.1951389,3.1
44.826229999999995,12.52955,16220.2,3.0
44.82208,12.526580000000001,16220.2041667,3.1
44.8198,12.524980000000001,16220.20625,3.1
44.81738,12.52335,16220.208333300001,3.1
44.81435,12.521180000000001,16220.2111111,3.1
44.8124,12.51985,16220.2125,3.1
44.81007,12.51823,16220.214583300001,3.1
44.80738,12.51638,16220.2173611,3.1
44.80462,12.51453,16220.2194444,3.1
44.8033,12.51365,16220.2208333,3.1
44.8007,12.5119,16220.222916699999,3.2
44.79837,12.51028,16220.225,3.1
44.79668,12.50907,16220.2270833,3.1
44.7927,12.50575,16220.2305556,3.1
44.79072,12.50398,16220.232638899999,3.2
44.78433,12.49802,16220.240972200001,1.9
44.7831,12.49723,16220.2423611,0.9
44.782920000000004,12.49687,16220.244444400001,0.5
44.78318,12.494530000000001,16220.245833300001,6.5
44.79165,12.47968,16220.2534722,4.5
44.79945,12.47007,16220.259027799999,4.4
44.8034,12.46707,16220.2618056,4.5
44.8068,12.46423,16220.263888899999,4.5
44.81055,12.46137,16220.2666667,1.1
44.81552,12.46095,16220.26875,9.0
44.82387,12.46208,16220.270833300001,9.0
44.832770000000004,12.46518,16220.2736111,9.1
44.84138,12.466280000000001,16220.2763889,7.6
44.84725,12.46545,16220.2784722,7.0
44.85293,12.46525,16220.2805556,7.4
44.85933,12.46544,16220.2826389,7.1
