lat,long,time,speed
38.6038,118.2201,16191.3680556,6.0
38.60288,117.9197,16191.5034722,7.7
38.5947,117.7277,16191.553472200001,7.7
38.592220000000005,117.7117,16191.556944400001,7.8
38.57372,118.15100000000001,16192.3965278,4.0
38.57142,118.1618,16192.3986111,8.3
38.56958,118.1954,16192.4076389,4.0
38.56821,118.2003,16192.4097222,9.0
38.56572,118.2173,16192.4145833,8.5
38.56273,118.228,16192.416666699999,6.5
38.56589,118.2131,16192.4208333,8.3
38.56455,118.2098,16192.4305556,0.0
38.56387,118.21700000000001,16192.4388889,1.5
38.56346,118.2188,16192.441666699999,2.2
38.56175,118.2283,16192.4506944,1.5
38.560629999999996,118.2328,16192.45625,1.8
38.55772,118.2452,16192.46875,1.7
38.55787,118.2496,16192.4756944,3.8
38.55684,118.2594,16192.4965278,0.8
38.55708,118.2639,16192.5069444,0.8
38.55681,118.2667,16192.517361100001,3.2
38.559509999999996,118.2541,16192.522222200001,5.1
38.56031,118.2514,16192.5236111,5.6
38.56397,118.24,16192.5291667,3.6
38.5639,118.2385,16192.5319444,0.7
38.56478,118.243,16192.5409722,0.0
38.565509999999996,118.2498,16192.5527778,1.3
38.56556,118.2507,16192.55625,1.1
38.56624,118.26100000000001,16192.576388899999,2.2
38.56651,118.2678,16192.5923611,1.5
38.56691,118.2719,16192.602777799999,0.9
38.5672,118.2751,16192.611111100001,0.0
38.56845,118.2837,16192.6465278,0.0
38.56912,118.2835,16192.7111111,0.0
38.57172,118.2735,16192.7194444,0.6
38.5689,118.2087,16192.8638889,1.5
38.566720000000004,118.2043,16192.8736111,1.3
38.56575,118.2021,16192.8763889,1.8
38.56449,118.199,16192.8826389,0.7
38.56387,118.1972,16192.8875,1.5
38.564040000000006,118.1959,16192.8951389,0.0
38.56366,118.1917,16192.9090278,0.0
38.56147,118.19200000000001,16192.920138899999,0.9
38.56255,118.2054,16192.9604167,0.0
38.56312,118.2091,16192.9673611,1.3
38.56535,118.21,16192.9840278,6.0
38.564640000000004,118.2019,16192.9868056,4.7
38.55957,118.2081,16192.989583300001,8.5
38.56098,118.2234,16193.0097222,1.8
38.560359999999996,118.2252,16193.0125,1.7
38.55984,118.2262,16193.01875,0.0
38.560829999999996,118.2268,16193.0243056,0.8
38.56263,118.2281,16193.0340278,2.0
38.56317,118.2287,16193.036805599999,1.5
38.5648,118.2299,16193.0430556,0.9
38.56528,118.2303,16193.045138899999,3.3
38.56695,118.2365,16193.0541667,2.6
38.56681,118.2334,16193.056944400001,3.3
38.56707,118.2284,16193.0597222,2.9
38.56702,118.2247,16193.0618056,3.5
38.56734,118.22,16193.0638889,2.6
38.56778,118.2152,16193.066666699999,3.8
38.5682,118.2083,16193.0701389,4.0
38.56861,118.2024,16193.0736111,4.7
38.56982,118.1265,16193.11875,4.2
38.57139,117.9919,16193.1909722,5.1
38.5714,117.9867,16193.19375,3.5
38.57047,117.8625,16193.2402778,7.6
38.57056,117.7491,16193.2701389,8.1
38.57099,117.7215,16193.2763889,8.3
38.58785,117.7293,16194.9527778,8.7
38.61327,118.0877,16195.3194444,1.0
38.61353,118.0853,16195.3236111,1.1
38.613890000000005,118.0562,16195.3743056,1.9
38.6377,118.0746,16195.8041667,2.1
38.62165,118.0513,16195.9111111,6.6
38.615359999999995,118.1165,16196.0180556,0.8
38.61464,118.1445,16196.1451389,0.0
38.621340000000004,118.1553,16196.1909722,0.0
38.60666,118.2733,16196.232638899999,0.0
38.60501,118.2669,16196.255555599999,5.8
38.60499,118.212,16196.2736111,6.7
38.60504,118.2055,16196.275694400001,5.6
38.605,118.1879,16196.2847222,2.0
38.60815,118.1672,16196.3430556,1.5
38.599709999999995,118.1419,16196.78125,0.0
38.59969,118.1418,16196.80625,0.0
38.59403,118.1582,16197.102777799999,1.5
38.5943,118.1609,16197.1083333,0.4
38.59398,118.17,16197.1201389,2.0
38.59422,118.1766,16197.129166699999,0.0
38.593920000000004,118.182,16197.1347222,1.8
38.59303,118.185,16197.1416667,0.0
38.59398,118.1941,16197.1611111,2.9
38.59421,118.1961,16197.1638889,1.8
38.59637,118.2353,16197.2263889,6.9
38.59247,118.2253,16197.267361100001,0.2
38.59107,118.2321,16197.2736111,2.0
38.662,118.2095,16197.3201389,6.4
38.66275,118.1841,16197.3284722,5.9
38.663140000000006,118.1755,16197.33125,6.4
38.6633,118.1627,16197.3354167,6.1
38.66336,118.1541,16197.339583300001,6.3
38.66339,118.1223,16197.347916699999,5.8
38.66335,118.1157,16197.35,5.9
38.66367,118.1026,16197.3722222,1.2
38.65716,118.1182,16197.946527799999,0.0
38.65795,118.1259,16197.96875,1.1
38.658159999999995,118.1284,16197.9854167,1.4
38.658390000000004,118.1367,16198.027083300001,0.0
38.65741,118.1401,16198.045138899999,0.0
38.65807,118.1619,16198.114583300001,8.5
38.65913,118.2055,16198.1236111,8.9
38.65932,118.21799999999999,16198.1263889,8.9
38.65947,118.2259,16198.1284722,8.9
38.66032,118.2463,16198.1326389,8.6
38.66243,118.2589,16198.166666699999,3.9
38.67041,118.2752,16198.181944400001,5.6
38.67055,118.2662,16198.1854167,5.6
38.670609999999996,118.2588,16198.1881944,5.4
38.6706,118.2492,16198.191666699999,5.1
38.67044,118.2397,16198.1951389,5.4
38.67037,118.235,16198.1972222,5.4
38.670320000000004,118.2284,16198.1993056,5.2
38.67435,118.2329,16198.2381944,0.8
38.67467,118.234,16198.2416667,0.0
38.67496,118.2312,16198.43125,0.0
38.656690000000005,118.2134,16199.1006944,6.1
38.65657,118.2073,16199.1034722,5.3
38.65653,118.199,16199.1055556,6.2
38.65651,118.186,16199.1097222,6.0
38.65688,118.1847,16199.114583300001,0.2
38.657140000000005,118.1856,16199.1451389,0.0
38.65767,118.1974,16199.1854167,0.0
38.65919,118.2231,16199.26875,1.1
38.65923,118.2244,16199.2729167,0.0
38.66264,118.2988,16199.989583300001,1.1
38.66511,118.3011,16200.0083333,0.0
38.61265,118.1928,16200.036805599999,8.7
38.60737,117.7221,16201.76875,9.1
38.60623,117.7375,16201.7715278,8.8
38.604859999999995,117.7522,16201.775694400001,8.8
38.63581,117.7913,16201.795138899999,8.1
38.67621,117.8283,16202.1409722,8.1
38.63974,117.8803,16202.2826389,0.0
38.63969,117.8808,16202.3138889,0.0
38.64011,117.7946,16203.1465278,0.0
38.45035,117.9207,16203.995833300001,5.3
38.652359999999994,117.7072,16220.036805599999,8.5
38.65728,117.7141,16220.0388889,8.4
38.66476,117.7283,16220.0423611,8.9
38.66335,117.7333,16220.0444444,5.5
38.66211,117.7321,16220.0479167,0.0
38.653529999999996,117.7317,16220.0576389,6.3
38.64772,117.7322,16220.0597222,6.7
38.64563,117.7372,16220.0625,6.4
38.645309999999995,117.7383,16220.0652778,0.0
38.64419,117.7382,16220.0736111,1.9
38.64048,117.7379,16220.0805556,0.0
38.64203,117.7381,16220.0868056,1.8
38.64666,117.7379,16220.0909722,7.1
38.64571,117.7345,16220.0930556,6.8
38.63975,117.7317,16220.0951389,2.4
38.6427,117.7321,16220.1055556,1.8
38.6428,117.7322,16220.1083333,0.0
38.64237,117.73299999999999,16220.1104167,2.0
38.64156,117.7333,16220.1125,0.0
38.64229,117.7337,16220.114583300001,2.2
38.643879999999996,117.7322,16220.125,1.7
38.645379999999996,117.7318,16220.1298611,0.9
38.64675,117.73100000000001,16220.1381944,2.5
38.64674,117.7305,16220.1409722,3.2
