lat,long,time,speed
-41.96004,-57.03499,16192.1972222,1.7
-41.8581,-56.971090000000004,16192.5736111,7.8
-41.86076,-56.9736,16192.575,7.6
-42.036809999999996,-57.12509,16192.6395833,8.2
-42.04456,-57.131409999999995,16192.642361100001,8.2
-43.518409999999996,-58.17235,16193.1090278,9.3
-43.52775,-58.17875,16193.1118056,9.4
-43.961659999999995,-58.46891,16193.2402778,9.7
-43.96542,-58.47115,16193.2416667,9.9
-44.93264,-59.25651,16193.55,8.9
-44.93877,-59.26237,16193.552083300001,9.1
-45.13565,-59.44645,16193.615972200001,9.3
-45.13898,-59.44936,16193.6166667,9.3
-45.14999,-59.45915,16193.6201389,9.6
-45.33932,-59.62586999999999,16193.6805556,9.4
-45.34527,-59.62987,16193.681944400001,9.5
-45.34885,-59.632290000000005,16193.683333300001,9.4
-46.50419,-60.394290000000005,16194.088194400001,1.2
-46.46662,-60.35272,16194.2173611,1.1
-46.46598,-60.35221,16194.2194444,0.9
-46.48067,-60.3784,16194.5298611,6.7
-46.61889,-60.47923,16194.5958333,2.7
-46.598620000000004,-60.45176,16194.6611111,1.0
-46.597390000000004,-60.46085,16195.5708333,8.4
-46.60045,-60.46301,16195.571527799999,7.9
-46.60461,-60.465709999999994,16195.572916699999,8.0
-46.7999,-60.580369999999995,16195.6361111,8.4
-46.80431,-60.582719999999995,16195.6375,8.4
-46.99357,-60.70316999999999,16195.7006944,8.2
-47.05538,-60.76707,16196.104166699999,0.9
-47.05488,-60.76667,16196.10625,1.3
-47.04019,-60.76464,16196.16875,0.7
-47.028009999999995,-60.76156999999999,16196.2333333,0.5
-47.24901,-60.71389,16197.525694400001,5.3
-47.46754,-60.73296,16197.589583300001,8.8
-47.5475,-60.75184,16197.6555556,0.6
-47.38968,-60.76773000000001,16198.1215278,0.9
-47.29314,-60.69075,16198.5652778,1.1
-47.378859999999996,-60.74208,16199.5430556,0.8
-47.4256,-60.719969999999996,16200.142361100001,0.7
-47.415490000000005,-60.72071999999999,16200.204861100001,0.6
-47.415,-60.720580000000005,16200.2090278,0.4
-47.36502,-60.684830000000005,16200.5194444,0.9
-47.33967,-60.67499,16200.5840278,1.4
-47.33883,-60.674609999999994,16200.5861111,1.0
-47.23278,-60.73661,16201.6888889,8.8
-47.23637,-60.73789,16201.6902778,8.8
-47.47681,-60.77245,16202.1590278,0.6
-47.46487,-60.760130000000004,16202.2215278,0.5
-47.4646,-60.759859999999996,16202.2236111,0.6
-47.2469,-60.66896,16203.5777778,9.3
-45.084559999999996,-59.573280000000004,16204.1743056,9.6
-45.07557,-59.56944,16204.177083300001,9.9
-45.07058,-59.56672,16204.178472200001,9.9
-45.06049,-59.56179,16204.18125,9.9
-44.85303,-59.43421,16204.2402778,9.9
-44.8479,-59.43155,16204.2416667,9.9
-43.6471,-58.82885,16204.5548611,10.6
-43.14263,-58.56827,16204.683333300001,10.6
-42.037659999999995,-57.99866,16206.193055599999,0.6
-44.17393,-59.09744,16207.5465278,8.6
-44.17713,-59.09944,16207.5472222,8.3
-44.1814,-59.10216,16207.548611100001,9.0
-44.378040000000006,-59.21037,16207.6104167,8.7
-44.390640000000005,-59.217119999999994,16207.614583300001,9.1
-44.589490000000005,-59.3144,16207.6743056,9.0
-44.59963,-59.318819999999995,16207.6777778,8.3
-45.77312,-59.92864,16208.0826389,7.0
-45.94171,-60.012190000000004,16208.1444444,7.5
-45.94471,-60.013709999999996,16208.145833300001,7.8
-46.12315,-60.115919999999996,16208.2104167,7.4
-46.12611,-60.115919999999996,16208.2118056,7.2
-46.12914,-60.116659999999996,16208.2125,7.5
-46.135220000000004,-60.11792,16208.214583300001,7.4
-47.24454,-60.789840000000005,16208.588194400001,8.8
-47.25052,-60.79195,16208.5902778,8.9
-47.255359999999996,-60.79354,16208.5916667,9.0
-47.33357,-60.794959999999996,16208.6534722,0.4
-47.224509999999995,-60.77307,16209.1875,0.6
-47.20746,-60.769490000000005,16209.2520833,0.5
-47.07451,-60.74181,16209.6298611,0.7
-46.97165,-60.72576,16210.0986111,0.5
-46.93769,-60.711330000000004,16210.227777799999,0.7
-46.93701,-60.711169999999996,16210.2298611,0.9
-46.81416,-60.71096,16210.5423611,1.0
-47.24715,-60.79776,16211.1395833,0.7
-47.13455,-60.7292,16212.1152778,1.1
-47.082840000000004,-60.70208,16212.1798611,9.4
-47.079240000000006,-60.699709999999996,16212.1805556,9.7
-47.07541,-60.697869999999995,16212.181944400001,9.6
-47.0716,-60.696000000000005,16212.1826389,9.5
-47.06427,-60.69163,16212.1847222,9.4
-47.06078,-60.68909,16212.1861111,9.3
-46.851620000000004,-60.56618,16212.2451389,9.6
-46.8479,-60.56437,16212.245833300001,9.2
-46.84315,-60.56136,16212.2472222,9.3
-45.44508,-59.89448,16212.6236111,9.7
-45.43992,-59.892019999999995,16212.625,9.7
-45.198570000000004,-59.76436999999999,16212.6881944,10.1
-43.865590000000005,-58.640930000000004,16213.0930556,8.8
-43.73769,-58.44152,16213.222916699999,1.7
-43.62815,-58.26469,16213.535416699999,1.1
-43.61371,-58.23483,16213.6020833,0.6
-43.407109999999996,-58.15915,16214.1993056,0.8
-43.30617,-58.0944,16214.5784722,1.4
-43.14721,-58.0156,16215.1097222,0.3
-43.13923,-58.00509,16215.1743056,0.6
-43.13893,-58.00456,16215.1763889,0.5
-43.21767,-58.12144,16215.553472200001,4.3
-43.15255,-58.076719999999995,16215.6152778,2.4
-43.15055,-58.07611,16215.6180556,1.9
-42.9616,-58.089569999999995,16216.0868056,1.9
-42.95438,-58.0408,16216.1513889,1.4
-42.97947,-57.98464,16216.5951389,1.6
-43.0106,-58.04115,16216.6590278,2.1
-43.17197,-58.23115,16217.1270833,0.8
-43.16935,-58.20064,16217.19375,0.8
-43.162209999999995,-57.99309,16217.5694444,8.5
-43.16557,-57.994719999999994,16217.5701389,8.3
-43.168690000000005,-57.99677,16217.571527799999,8.7
-43.36802,-58.11445,16217.634027799999,8.6
-43.374629999999996,-58.118719999999996,16217.6361111,8.6
-44.81167,-59.105309999999996,16218.102777799999,7.9
-44.814890000000005,-59.10683,16218.1034722,8.1
-44.996520000000004,-59.23656,16218.166666699999,7.8
-45.00049,-59.23933,16218.1680556,7.9
-45.00464,-59.241969999999995,16218.1694444,8.1
-45.181470000000004,-59.375330000000005,16218.2333333,8.1
-45.18600000000001,-59.38029,16218.2347222,8.0
-46.1422,-60.00195,16218.5458333,8.9
-46.14793,-60.005359999999996,16218.5472222,8.9
-46.35523,-60.13483000000001,16218.6104167,9.2
-46.36209,-60.140190000000004,16218.6125,9.1
-46.36544,-60.142959999999995,16218.6138889,9.3
-46.567170000000004,-60.27925,16218.675,9.1
-47.41693,-60.784690000000005,16219.522222200001,8.9
-47.30063,-60.73819,16220.6923611,8.1
-47.30448,-60.7416,16220.69375,8.1
-47.25457,-60.70811,16221.160416699999,0.6
-47.237429999999996,-60.698719999999994,16221.225,1.1
-47.23682,-60.69835,16221.2270833,0.7
-47.23621,-60.69805,16221.229166699999,0.9
-47.103229999999996,-60.64029,16221.604166699999,0.6
-47.10277,-60.63997,16221.60625,0.6
-47.08769,-60.63608000000001,16221.66875,0.8
-47.0871,-60.63589,16221.6708333,0.9
