lat,long,time,speed
-34.62307,25.75851,16193.8555556,6.1
-34.58967,25.77555,16193.869444400001,7.4
-34.58289,25.77935,16193.8722222,6.4
-34.57935,25.7816,16193.8736111,6.8
-34.57751,25.78275,16193.875,2.0
-34.57687,25.783170000000002,16193.8763889,0.7
-34.576640000000005,25.78301,16193.8777778,0.6
-34.60386,25.92672,16193.9576389,4.5
-33.942609999999995,25.753770000000003,16195.5770833,8.5
-33.9684,25.788079999999997,16195.588194400001,8.0
-34.05259,25.8079,16195.615972200001,7.5
-34.09475,25.81755,16195.6298611,7.4
-34.89671,25.36275,16196.4138889,8.1
-34.6784,25.70587,16197.088194400001,4.6
-34.670840000000005,25.01715,16197.7152778,11.2
-34.57142,25.811770000000003,16197.93125,10.3
-34.04347,26.25587,16199.0194444,11.6
-34.0391,26.26421,16199.020833300001,12.1
-33.881040000000006,26.62446,16199.099305599999,9.6
-33.87722,26.63393,16199.1013889,9.9
-33.87334,26.643390000000004,16199.1034722,11.0
-33.86954,26.652759999999997,16199.1055556,10.9
-33.86575,26.6623,16199.107638899999,10.0
-33.86218,26.67183,16199.1097222,9.4
-33.858470000000004,26.681309999999996,16199.1118056,10.6
-33.85483,26.69095,16199.1138889,10.2
-33.85066,26.70202,16199.115972200001,10.7
-33.84711,26.7115,16199.1180556,10.4
-33.84357,26.72095,16199.1201389,10.4
-33.83996,26.73041,16199.1222222,10.7
-33.83744,26.7367,16199.1236111,11.0
-33.83367,26.74607,16199.1256944,10.9
-33.829840000000004,26.7555,16199.1277778,10.6
-33.82611,26.76475,16199.1298611,11.3
-33.822390000000006,26.773940000000003,16199.1319444,10.2
-33.81857,26.78322,16199.134027799999,10.3
-33.81479,26.79259,16199.1361111,11.0
-33.811040000000006,26.801940000000002,16199.1381944,10.7
-33.80725,26.811429999999998,16199.1402778,9.6
-33.80355,26.820729999999998,16199.142361100001,10.5
-33.79867,26.833209999999998,16199.1451389,10.0
-33.794959999999996,26.84263,16199.147222200001,9.9
-33.79128,26.851940000000003,16199.1493056,10.9
-33.78761,26.861320000000003,16199.1513889,10.4
-33.78328,26.87235,16199.1541667,9.4
-33.779540000000004,26.88196,16199.15625,10.8
-33.77578,26.89152,16199.1583333,10.0
-33.772,26.90108,16199.160416699999,10.7
-33.76705,26.91361,16199.1631944,10.0
-33.76274,26.924640000000004,16199.165277799999,10.3
-33.75897,26.934379999999997,16199.1673611,9.1
-33.75521,26.94387,16199.1694444,10.9
-33.75075,26.95497,16199.1722222,11.1
-33.74566,26.96773,16199.175,10.7
-33.73335,26.99796,16199.18125,11.0
-31.886309999999998,29.69377,16199.9868056,6.5
-32.08664,29.513920000000002,16200.3861111,2.7
-31.867340000000002,29.7399,16201.6479167,11.2
-31.868809999999996,29.73687,16201.6486111,11.1
-32.51317,28.846,16201.8993056,11.1
-32.519090000000006,28.83973,16201.9013889,9.3
-32.52205,28.836570000000002,16201.902083300001,10.3
-32.78063,28.566740000000003,16201.9881944,9.6
-33.80708,26.93703,16202.4340278,7.5
-33.820679999999996,26.915340000000004,16202.441666699999,5.7
-33.82594,26.90703,16202.4444444,6.7
-33.8305,26.89992,16202.4472222,7.4
-33.850190000000005,26.86925,16202.4590278,6.1
-33.860170000000004,26.853279999999998,16202.4652778,4.4
-33.86378,26.84743,16202.4680556,4.2
-33.87035,26.83519,16202.4722222,7.3
-33.87356,26.828870000000002,16202.475,5.1
-33.87664,26.823009999999996,16202.4770833,5.8
-33.880559999999996,26.81535,16202.4798611,6.0
-33.8848,26.80712,16202.4833333,4.2
-33.90728,26.7603,16202.4993056,6.5
-33.91057,26.75321,16202.5013889,5.8
-33.91234,26.749640000000003,16202.5027778,6.7
-33.91825,26.73804,16202.5069444,7.9
-33.92138,26.73208,16202.5083333,7.7
-33.92351,26.728,16202.5097222,6.1
-33.93165,26.711859999999998,16202.5152778,7.7
-33.93786,26.699720000000003,16202.51875,7.6
-33.941340000000004,26.692529999999998,16202.5215278,8.0
-33.94376,26.687409999999996,16202.5229167,8.0
-33.94635,26.68204,16202.525,7.8
-33.94997,26.674709999999997,16202.527083300001,8.8
-33.95278,26.669140000000002,16202.5291667,7.0
-34.55982,25.88211,16202.9534722,5.6
-34.759879999999995,25.38428,16203.3798611,7.2
-34.76262,25.379,16203.38125,6.2
-34.74973,25.06355,16204.4229167,6.7
-34.59555,25.402910000000002,16204.8951389,5.0
-34.60041,25.41011,16204.8986111,5.0
-34.59711,25.55755,16207.8868056,4.7
-34.7551,25.41873,16208.3270833,6.8
-34.80125,25.26,16208.3895833,7.0
-34.65971,25.038629999999998,16208.8173611,10.5
-34.62331,25.275660000000002,16208.865972200001,10.7
-34.61672,25.59458,16208.928472200001,6.9
-34.61759,25.59884,16208.9298611,6.5
-34.61849,25.603170000000002,16208.93125,6.3
-34.82887,25.42276,16209.3673611,6.8
-34.82862,25.41623,16209.369444400001,6.2
-34.72462,25.250770000000003,16209.579861100001,5.3
-34.91434,25.6008,16210.34375,9.5
-34.911970000000004,24.98017,16210.5465278,0.4
-34.8562,25.358079999999998,16211.3861111,6.3
-34.79781,25.018810000000002,16211.7180556,11.0
-34.64515,25.296039999999998,16211.7833333,8.4
-34.84518,25.10184,16212.427083300001,5.5
-34.75097,25.11721,16212.6131944,5.0
-34.747679999999995,25.1223,16213.579861100001,9.8
-34.68016,25.92369,16214.00625,4.5
-34.78321,25.30261,16214.4756944,4.2
-34.9144,25.13273,16215.443055599999,2.5
-34.91357,25.133879999999998,16215.4444444,3.4
-34.634890000000006,25.4177,16215.714583300001,8.4
-34.74447,25.418860000000002,16216.9347222,9.3
-34.56661,25.95849,16217.0597222,6.0
-34.572140000000005,25.994229999999998,16217.071527799999,6.1
-34.60046,26.2161,16217.1645833,3.6
-34.74745,25.51073,16217.6298611,1.3
-34.75099,25.63249,16217.7159722,9.1
-34.572559999999996,25.957910000000002,16217.8465278,2.3
-34.762440000000005,26.11352,16218.222916699999,7.1
-34.57177,25.974610000000002,16218.885416699999,10.2
-34.567640000000004,25.949289999999998,16218.8909722,9.4
-34.573479999999996,25.97145,16218.95,4.6
-34.75394,25.678379999999997,16219.3763889,6.1
-34.17503,25.78932,16220.6583333,9.6
-34.57759,26.02382,16220.9027778,3.0
-34.60518,25.357960000000002,16221.7625,13.1
-34.481640000000006,25.53803,16221.802083300001,10.4
