lat,long,time,speed
50.72503,1.600435,16191.05,0.0
50.725159999999995,1.60025,16191.0527778,2.2
50.72742,1.5976700000000001,16191.0548611,5.5
50.73041,1.589935,16191.056944400001,7.0
50.73325,1.5825120000000001,16191.058333300001,8.2
50.7369,1.575505,16191.0604167,9.1
50.74174,1.5689879999999998,16191.0618056,9.0
50.740390000000005,1.563588,16191.0631944,7.4
50.73314,1.54816,16191.0673611,7.1
50.73005,1.544025,16191.06875,7.4
50.72568,1.537463,16191.0708333,7.3
50.721740000000004,1.532343,16191.0722222,7.7
50.71555,1.523667,16191.0756944,8.1
50.58406,1.362568,16191.2881944,7.3
50.588879999999996,1.3630120000000001,16191.290277799999,9.2
50.58678,1.36129,16191.2930556,4.9
50.58119,1.359748,16191.295138899999,5.2
50.57768,1.359012,16191.2972222,4.8
50.5794,1.3628850000000001,16191.2993056,7.5
50.58553,1.363948,16191.3013889,7.3
50.58161,1.362395,16191.3125,2.0
50.57694,1.3574680000000001,16191.3194444,8.8
50.57502,1.3535979999999999,16191.3222222,5.3
50.56778,1.3519729999999999,16191.3256944,5.3
50.568000000000005,1.349768,16191.3277778,7.5
50.57163,1.352658,16191.3291667,7.8
50.577529999999996,1.359077,16191.3319444,7.3
50.58659,1.369517,16191.3361111,7.3
50.59042,1.375133,16191.3375,7.3
50.59558,1.383493,16191.3402778,7.8
50.602470000000004,1.3905399999999999,16191.3430556,7.7
50.61121,1.40534,16191.3472222,8.2
50.6167,1.4158870000000001,16191.35,7.8
50.61967,1.423125,16191.3513889,7.7
50.621990000000004,1.428732,16191.352777799999,7.7
50.62466,1.43395,16191.354166699999,7.8
50.62689,1.4376149999999999,16191.3555556,8.0
50.63053,1.443393,16191.3569444,7.7
50.634170000000005,1.44975,16191.3590278,7.7
50.63813,1.455388,16191.3604167,8.0
50.64151,1.459437,16191.3618056,7.6
50.64496,1.463538,16191.3631944,7.3
50.64895,1.469323,16191.3652778,7.9
50.653079999999996,1.474952,16191.3666667,8.1
50.65765,1.4796799999999999,16191.36875,8.1
50.66212,1.484812,16191.3701389,8.0
50.6655,1.48977,16191.3715278,8.3
50.66896,1.494433,16191.3729167,8.2
50.67263,1.498915,16191.3743056,8.8
50.67747,1.50427,16191.3763889,8.4
50.68346,1.510917,16191.3784722,8.7
50.68851,1.515932,16191.3798611,8.6
50.69255,1.520357,16191.38125,9.0
50.69678,1.524147,16191.3826389,8.4
50.70187,1.529197,16191.3847222,8.6
50.70725,1.53365,16191.3861111,8.4
50.73172,1.5565069999999999,16191.3944444,9.2
50.73945,1.564218,16191.3965278,9.3
50.736309999999996,1.573772,16191.3993056,9.6
50.731840000000005,1.586347,16191.4013889,9.4
50.725229999999996,1.599968,16192.0506944,2.6
50.7291,1.5936,16192.053472200001,6.2
50.73199,1.586085,16192.0555556,7.0
50.73557,1.577702,16192.0576389,7.9
50.74,1.5717370000000002,16192.0590278,8.5
50.73937,1.5641770000000002,16192.0611111,6.6
50.73687,1.559315,16192.0625,6.8
50.7337,1.5533620000000001,16192.0645833,7.7
50.72945,1.542708,16192.0673611,7.7
50.72495,1.537297,16192.0694444,7.4
50.72157,1.529487,16192.071527799999,7.4
50.71689,1.5213450000000002,16192.0736111,7.1
50.71275,1.513935,16192.0756944,7.8
50.70686,1.504757,16192.0784722,8.5
50.70315,1.499307,16192.0805556,7.8
50.69849,1.492192,16192.0826389,8.3
50.69463,1.487218,16192.0840278,8.2
50.6908,1.479385,16192.0861111,8.3
50.68647,1.4702030000000001,16192.0888889,7.3
50.67755,1.455288,16192.0930556,7.1
50.67259,1.447398,16192.0958333,7.6
50.6632,1.43544,16192.1,8.8
50.66036,1.429017,16192.1013889,8.1
50.65316,1.4203430000000001,16192.1048611,8.0
50.64853,1.413068,16192.1069444,7.9
50.64185,1.405985,16192.1097222,8.3
50.63705,1.39878,16192.1118056,8.5
50.63205,1.393125,16192.1138889,8.0
50.62525,1.384458,16192.1166667,8.7
50.61972,1.378803,16192.11875,8.1
50.61351,1.371918,16192.120833300001,9.5
50.60885,1.367695,16192.1229167,8.8
50.60405,1.363207,16192.1243056,9.8
50.59831,1.3577629999999998,16192.1263889,8.6
50.59406,1.355383,16192.1277778,8.3
50.58811,1.3498569999999999,16192.1298611,9.2
50.58574,1.350368,16192.134027799999,1.3
50.586870000000005,1.351113,16192.1361111,1.4
50.58791,1.351552,16192.1375,2.1
50.58999,1.3524770000000002,16192.1409722,1.2
50.59089,1.352917,16192.142361100001,2.1
50.59343,1.353928,16192.1465278,2.2
50.59363,1.3541969999999999,16192.1479167,0.9
50.59203,1.35342,16192.15,9.1
50.58292,1.3496620000000001,16192.1527778,8.4
50.5859,1.35105,16192.15625,5.1
50.589690000000004,1.35246,16192.1583333,4.5
50.593270000000004,1.356235,16192.1638889,2.1
50.59216,1.355907,16192.165277799999,0.8
50.59111,1.3556620000000001,16192.1673611,1.8
50.58732,1.354123,16192.173611100001,2.9
50.58593,1.353928,16192.1756944,1.5
50.58289,1.351723,16192.18125,1.7
50.59365,1.357058,16192.1868056,0.4
50.592659999999995,1.3568,16192.1895833,1.6
50.59155,1.3566,16192.191666699999,0.9
50.59044,1.35627,16192.1944444,1.1
50.58943,1.356113,16192.196527799999,1.9
50.58858,1.355832,16192.197916699999,1.1
50.586290000000005,1.355078,16192.2027778,0.3
50.58477,1.354538,16192.2055556,1.6
50.58885,1.355917,16192.2090278,8.0
50.58913,1.356335,16192.21875,9.8
50.58811,1.35479,16192.2236111,5.3
50.58276,1.362905,16192.2333333,5.1
50.57905,1.362213,16192.2347222,7.8
50.5784,1.360552,16192.236111100001,8.8
50.58593,1.360507,16192.2388889,8.0
50.587790000000005,1.3589870000000002,16192.2416667,8.8
50.58633,1.357975,16192.2451389,1.0
50.579029999999996,1.355098,16192.2576389,2.9
50.57669,1.3537629999999998,16192.2597222,8.1
50.57504,1.3531030000000002,16192.2625,2.1
50.56459,1.35179,16192.2784722,7.4
50.56713,1.355792,16192.2798611,6.8
50.570170000000005,1.3611520000000001,16192.2819444,5.7
50.576190000000004,1.369485,16192.2847222,5.9
50.58275,1.376132,16192.2881944,6.0
50.586999999999996,1.380177,16192.290277799999,6.9
50.59599,1.398048,16192.2958333,6.4
50.60253,1.409602,16192.2993056,7.3
50.605059999999995,1.4138549999999999,16192.3006944,6.7
50.60692,1.4183700000000001,16192.302083300001,6.0
50.6113,1.424497,16192.3048611,5.8
50.61545,1.428972,16192.306944400001,5.8
50.61841,1.433868,16192.308333300001,6.3
50.62066,1.4378600000000001,16192.3097222,6.3
50.624970000000005,1.443977,16192.3125,5.6
50.629490000000004,1.449418,16192.3145833,5.6
50.63351,1.456013,16192.3173611,5.6
50.63595,1.4585620000000001,16192.3194444,6.2
50.64095,1.464848,16192.321527799999,7.0
50.64521,1.4704469999999998,16192.3243056,7.8
50.65007,1.477615,16192.326388899999,7.4
50.653929999999995,1.484737,16192.3284722,6.4
50.65793,1.49169,16192.3305556,8.0
50.66424,1.5002719999999998,16192.333333300001,8.1
50.66962,1.508308,16192.3354167,7.6
50.6743,1.5145979999999999,16192.3375,7.8
50.677640000000004,1.5181719999999999,16192.3388889,8.0
50.6837,1.524325,16192.3416667,6.2
50.6895,1.530592,16192.34375,6.7
50.695370000000004,1.536353,16192.3465278,7.5
50.70163,1.541183,16192.3486111,7.2
50.70798,1.545353,16192.3513889,7.6
50.7135,1.5485229999999999,16192.3534722,7.1
50.720009999999995,1.551887,16192.3555556,6.8
50.7237,1.5537219999999998,16192.3569444,7.4
50.72939,1.5568229999999998,16192.3590278,7.0
50.73312,1.5586149999999999,16192.3604167,7.3
50.738479999999996,1.56228,16192.3625,6.8
50.736059999999995,1.57376,16192.365972200001,9.0
50.73366,1.580905,16192.3673611,9.0
50.725570000000005,1.600063,16193.0506944,0.0
50.72592,1.5993629999999999,16193.0527778,4.7
50.728840000000005,1.59397,16193.0548611,6.5
50.73216,1.585045,16193.056944400001,7.7
50.73682,1.574913,16193.0597222,8.0
50.74146,1.567245,16193.0618056,7.1
50.73808,1.561697,16193.0631944,7.5
50.7324,1.556173,16193.0659722,5.6
50.72914,1.5503870000000002,16193.0673611,6.3
50.72009,1.53529,16193.0722222,7.8
50.71609,1.528528,16193.0743056,7.1
50.711929999999995,1.522078,16193.076388899999,8.2
50.709309999999995,1.517147,16193.0777778,8.1
50.70677,1.51243,16193.0791667,8.8
50.70454,1.506852,16193.0805556,8.9
50.70016,1.500233,16193.0826389,8.0
50.69489,1.492227,16193.0854167,7.6
50.69041,1.485383,16193.0875,8.3
50.68542,1.4771370000000001,16193.089583300001,7.3
50.678290000000004,1.462797,16193.09375,8.4
50.67425,1.45871,16193.0951389,7.1
50.669290000000004,1.452748,16193.0972222,6.8
50.66446,1.4470450000000001,16193.099305599999,9.6
50.660309999999996,1.441025,16193.1020833,7.9
50.656240000000004,1.433883,16193.104166699999,8.0
50.65211,1.423827,16193.10625,7.6
50.64437,1.4123370000000002,16193.1097222,8.0
50.6412,1.407833,16193.111111100001,7.2
50.636070000000004,1.401985,16193.1131944,8.1
50.63323,1.397332,16193.114583300001,7.6
50.62766,1.393102,16193.1166667,6.7
50.62169,1.386075,16193.119444400001,7.5
50.61499,1.37713,16193.1222222,8.9
50.60931,1.369268,16193.1243056,7.2
50.605059999999995,1.363955,16193.1263889,8.2
50.597229999999996,1.358333,16193.129166699999,8.7
50.59106,1.354845,16193.13125,7.8
50.58361,1.352833,16193.134027799999,3.4
50.583729999999996,1.3527200000000001,16193.1375,2.1
50.58597,1.354,16193.1409722,2.0
50.58887,1.355232,16193.1451389,2.4
50.59059,1.355853,16193.1486111,2.2
50.59084,1.355685,16193.1541667,8.6
50.586890000000004,1.352442,16193.1555556,8.3
50.58292,1.3528870000000002,16193.1576389,5.7
50.589240000000004,1.35501,16193.1611111,5.8
50.58999,1.363642,16193.1645833,8.0
50.58846,1.3639700000000001,16193.166666699999,0.8
50.58623,1.363163,16193.1708333,2.0
50.58447,1.36253,16193.173611100001,2.4
50.58351,1.362142,16193.175,2.2
50.58126,1.36175,16193.178472200001,2.4
50.57809,1.356147,16193.1861111,8.4
50.57249,1.352743,16193.1902778,6.2
50.571329999999996,1.354708,16193.19375,9.0
50.585609999999996,1.359168,16193.197916699999,9.2
50.59134,1.358917,16193.2,2.6
50.59022,1.35885,16193.2027778,4.1
50.58671,1.360997,16193.214583300001,1.7
50.58272,1.35919,16193.2208333,1.8
50.578070000000004,1.358075,16193.227777799999,2.3
50.58075,1.358818,16193.23125,8.2
50.58461,1.360565,16193.2354167,4.6
50.5791,1.359425,16193.2381944,5.6
50.58957,1.3523120000000002,16193.24375,2.2
50.58775,1.351422,16193.2493056,1.9
50.585809999999995,1.35065,16193.2520833,1.6
50.582359999999994,1.3491030000000002,16193.2576389,1.4
50.592290000000006,1.352415,16193.263888899999,6.7
50.58719,1.35122,16193.267361100001,5.6
50.57978,1.347903,16193.270833300001,9.8
50.585879999999996,1.346588,16193.2729167,7.8
50.590090000000004,1.345482,16193.275,4.9
50.58267,1.341495,16193.2895833,1.4
50.60452,1.374395,16193.3013889,7.4
50.61038,1.383383,16193.3041667,6.4
50.61993,1.3998329999999999,16193.3090278,6.4
50.6225,1.4033120000000001,16193.3118056,0.9
50.622479999999996,1.403877,16193.3138889,7.4
50.62723,1.40945,16193.3159722,7.4
50.63055,1.412878,16193.3173611,6.6
50.634479999999996,1.41737,16193.3194444,7.0
50.63993,1.4238600000000001,16193.321527799999,7.3
50.64441,1.430025,16193.3236111,6.8
50.64929,1.4375200000000001,16193.326388899999,8.0
50.654309999999995,1.444883,16193.3284722,7.3
50.65829,1.4517120000000001,16193.3305556,7.3
50.66148,1.4613049999999999,16193.333333300001,7.0
50.66545,1.470235,16193.3354167,7.4
50.67071,1.476802,16193.338194400001,7.2
50.67564,1.481182,16193.3402778,7.4
50.680479999999996,1.4863879999999998,16193.3423611,6.7
50.68521,1.492038,16193.3444444,6.6
50.689679999999996,1.497358,16193.3465278,7.5
50.69672,1.5040069999999999,16193.349305599999,6.6
50.70156,1.510605,16193.3513889,8.0
50.70731,1.517993,16193.3534722,7.2
50.71177,1.524817,16193.3555556,7.6
50.71635,1.530805,16193.357638899999,6.9
50.721779999999995,1.537935,16193.3604167,7.3
50.72555,1.543418,16193.3618056,7.5
50.73015,1.5499020000000001,16193.3638889,7.0
50.73575,1.5566799999999998,16193.3666667,7.2
50.73999,1.563213,16193.36875,7.6
50.7377,1.570362,16193.370833300001,9.1
50.7336,1.580363,16193.3729167,9.2
50.729890000000005,1.590863,16193.375,9.1
50.72518,1.6003049999999999,16195.0513889,0.2
50.72708,1.597913,16195.0541667,5.9
50.73002,1.5910799999999998,16195.05625,6.9
50.73373,1.5816700000000001,16195.058333300001,7.7
50.738409999999995,1.5726950000000002,16195.0611111,7.6
50.74058,1.56481,16195.0631944,7.2
50.735409999999995,1.557292,16195.0652778,7.2
50.73271,1.552503,16195.066666699999,7.2
50.728840000000005,1.545153,16195.06875,7.7
50.72574,1.541165,16195.0701389,7.1
50.72167,1.5365280000000001,16195.0722222,7.9
50.71693,1.5305879999999998,16195.0743056,7.1
50.71195,1.5253700000000001,16195.076388899999,7.1
50.70588,1.5165600000000001,16195.0791667,7.4
50.70024,1.509333,16195.08125,7.8
50.68349,1.48825,16195.088194400001,7.6
50.67877,1.481502,16195.0902778,7.6
50.67375,1.475192,16195.0923611,7.7
50.67008,1.46918,16195.0944444,7.4
50.66434,1.46202,16195.0965278,7.9
50.659929999999996,1.45482,16195.0986111,7.6
50.6553,1.448183,16195.1006944,7.7
50.65211,1.4438600000000001,16195.1020833,7.6
50.64615,1.437552,16195.1048611,7.3
50.64108,1.431802,16195.1069444,7.3
50.63196,1.421238,16195.1104167,7.6
50.62704,1.415202,16195.1125,7.6
50.62109,1.4089129999999999,16195.1152778,7.5
50.61699,1.401997,16195.1173611,6.9
50.61162,1.3958780000000002,16195.119444400001,6.9
50.60731,1.392447,16195.1215278,7.0
50.60277,1.386202,16195.1236111,7.6
50.59887,1.3809049999999998,16195.125,7.4
50.592859999999995,1.36784,16195.1284722,7.4
50.58925,1.3651469999999999,16195.1298611,7.7
50.583890000000004,1.36022,16195.1319444,7.6
50.57795,1.358782,16195.135416699999,1.7
50.579390000000004,1.3587850000000001,16195.1381944,1.6
50.58408,1.360252,16195.1451389,1.8
50.586059999999996,1.360568,16195.1527778,8.1
50.57765,1.360243,16195.1555556,7.8
50.57822,1.36232,16195.1576389,5.1
50.583290000000005,1.363628,16195.1597222,5.3
50.58509,1.360157,16195.161805599999,8.3
50.582229999999996,1.356047,16195.1638889,3.4
50.58194,1.3559,16195.1659722,0.6
50.5834,1.3565479999999999,16195.16875,1.5
50.58477,1.357083,16195.1708333,1.6
50.588770000000004,1.358547,16195.1763889,1.7
50.59035,1.35887,16195.178472200001,2.1
50.59203,1.358937,16195.18125,3.4
50.58875,1.36171,16195.1826389,8.2
50.58327,1.363893,16195.1847222,8.0
50.576879999999996,1.3655899999999999,16195.1875,5.3
50.5815,1.366662,16195.1895833,4.7
50.584109999999995,1.3673030000000002,16195.1909722,4.8
50.586729999999996,1.368047,16195.1923611,5.1
50.584509999999995,1.363093,16195.1944444,8.7
50.57864,1.358315,16195.1972222,8.0
50.581109999999995,1.3596549999999998,16195.1993056,5.2
50.58406,1.360473,16195.2006944,5.5
50.58701,1.36116,16195.2020833,5.4
50.58512,1.3550520000000001,16195.2041667,8.8
50.582879999999996,1.352738,16195.2069444,1.1
50.584720000000004,1.353768,16195.2104167,1.6
50.58565,1.354013,16195.2125,1.7
50.58805,1.3548930000000001,16195.2166667,1.4
50.59105,1.356032,16195.2222222,1.3
50.59564,1.349592,16195.2423611,0.8
50.592290000000006,1.3518430000000001,16195.2451389,9.0
50.58382,1.354398,16195.2472222,8.6
50.58195,1.35575,16195.2506944,5.5
50.58498,1.357202,16195.2520833,5.9
50.59105,1.358533,16195.255555599999,8.1
50.5842,1.3501049999999999,16195.2576389,9.2
50.5808,1.347617,16195.2597222,0.9
50.58232,1.349315,16195.263888899999,2.7
50.58337,1.34986,16195.2652778,1.2
50.584379999999996,1.350452,16195.267361100001,2.5
50.58616,1.3510950000000002,16195.2701389,2.2
50.5879,1.3519,16195.2729167,2.4
50.58882,1.352385,16195.2743056,0.7
50.58982,1.352855,16195.2763889,2.4
50.59081,1.35264,16195.2798611,8.3
50.59383,1.355272,16195.28125,0.1
50.59097,1.355292,16195.2833333,4.7
50.58597,1.353883,16195.285416699999,5.3
50.57815,1.353775,16195.2888889,4.2
50.57815,1.3540969999999999,16195.2909722,3.3
50.57727,1.3534030000000001,16195.2923611,2.0
50.57636,1.352865,16195.29375,1.4
50.57542,1.3525120000000002,16195.295138899999,1.8
50.57379,1.351948,16195.2979167,1.3
50.57308,1.351423,16195.3,1.2
50.571870000000004,1.35105,16195.302083300001,1.9
50.57093,1.350698,16195.303472200001,1.6
50.57002,1.350495,16195.3048611,1.7
50.568999999999996,1.350903,16195.30625,2.7
50.56881,1.350932,16195.308333300001,1.6
50.57528,1.351452,16195.3111111,8.6
50.5802,1.351518,16195.3125,8.4
50.58802,1.35283,16195.3145833,8.3
50.590759999999996,1.3527,16195.3173611,4.7
50.58809,1.351667,16195.31875,4.8
50.58318,1.349797,16195.3208333,5.7
50.58419,1.355223,16195.3243056,8.4
50.59841,1.366847,16195.3291667,8.4
50.60433,1.372072,16195.33125,8.3
50.61201,1.379732,16195.3340278,8.0
50.61892,1.3860299999999999,16195.3361111,8.0
50.62225,1.3907450000000001,16195.3375,8.1
50.629090000000005,1.399932,16195.3402778,8.2
50.63459,1.40636,16195.3423611,8.2
50.63783,1.411227,16195.34375,8.0
50.64352,1.4200469999999998,16195.3465278,8.3
50.6485,1.427545,16195.3486111,8.1
50.65481,1.435293,16195.3506944,8.3
50.659929999999996,1.4425379999999999,16195.352777799999,8.3
50.663579999999996,1.446788,16195.354166699999,8.5
50.66885,1.4542979999999999,16195.35625,8.5
50.67514,1.462167,16195.3590278,8.1
50.68055,1.468438,16195.361111100001,7.7
50.68557,1.475282,16195.3631944,7.9
50.6904,1.48244,16195.3652778,8.0
50.69415,1.4886270000000001,16195.3666667,8.1
50.69693,1.494175,16195.3680556,8.0
50.69964,1.499962,16195.369444400001,7.9
50.70225,1.505798,16195.370833300001,8.2
50.70669,1.51358,16195.3729167,7.8
50.7097,1.5185520000000001,16195.3743056,7.6
50.714729999999996,1.527053,16195.3770833,7.5
50.71926,1.5340770000000001,16195.379166699999,7.7
50.72465,1.542447,16195.38125,7.4
50.727709999999995,1.546792,16195.3826389,7.7
50.733090000000004,1.5547870000000001,16195.385416699999,7.7
50.73832,1.562898,16195.3875,7.6
50.74096,1.568125,16195.388888899999,8.8
50.73878,1.569877,16195.3902778,9.1
50.732440000000004,1.584455,16195.3930556,7.8
50.72931,1.592655,16195.3951389,7.0
50.72635,1.599178,16195.3979167,2.1
50.72607,1.5995030000000001,16195.402083300001,3.1
50.72518,1.600322,16196.0479167,0.1
50.72534,1.600123,16196.0513889,2.3
50.72917,1.593495,16196.0541667,6.5
50.73242,1.584295,16196.05625,7.4
50.7352,1.576882,16196.0576389,8.6
50.73767,1.5727719999999998,16196.0590278,8.6
50.74057,1.5659999999999998,16196.0611111,6.5
50.737809999999996,1.55924,16196.0625,8.0
50.73584,1.555242,16196.0638889,7.6
50.73104,1.549585,16196.0659722,7.5
50.72648,1.5403870000000002,16196.068055599999,7.6
50.72252,1.5349030000000001,16196.0701389,7.8
50.71825,1.527245,16196.0722222,7.7
50.714420000000004,1.5214969999999999,16196.0736111,7.4
50.71112,1.5148620000000002,16196.0756944,7.7
50.70538,1.507415,16196.0777778,7.9
50.70093,1.500522,16196.079861100001,8.3
50.69654,1.493558,16196.0819444,7.9
50.687670000000004,1.483357,16196.0854167,7.6
50.68291,1.47651,16196.0875,7.9
50.679790000000004,1.471945,16196.0888889,7.8
50.67511,1.465222,16196.0909722,7.5
50.669109999999996,1.455637,16196.09375,7.8
50.66506,1.450008,16196.0958333,7.6
50.66063,1.4456950000000002,16196.0972222,7.8
50.65529,1.440513,16196.099305599999,7.2
50.64983,1.435607,16196.1013889,7.8
50.646770000000004,1.43118,16196.102777799999,7.7
50.642759999999996,1.4259469999999999,16196.1048611,7.4
50.63245,1.4154799999999998,16196.1090278,7.6
50.62364,1.4045020000000001,16196.1125,7.4
50.61833,1.400647,16196.114583300001,7.4
50.6074,1.390942,16196.119444400001,7.3
50.60158,1.38506,16196.1215278,7.3
50.59518,1.377418,16196.1243056,7.6
50.589890000000004,1.372655,16196.1263889,7.2
50.58517,1.3693629999999999,16196.1284722,7.7
50.57884,1.366128,16196.130555599999,1.7
50.57857,1.366212,16196.1333333,1.6
50.58047,1.366937,16196.1361111,2.2
50.58142,1.3672229999999999,16196.1375,1.8
50.582359999999994,1.3674030000000001,16196.138888899999,1.5
50.5833,1.367693,16196.1402778,1.7
50.58428,1.367688,16196.1416667,1.4
50.585229999999996,1.3678379999999999,16196.1430556,1.2
50.58665,1.3683379999999998,16196.1451389,1.9
50.5884,1.36886,16196.1479167,1.8
50.58571,1.364643,16196.15,7.7
50.58435,1.3584100000000001,16196.1513889,7.6
50.58186,1.3557569999999999,16196.1548611,0.8
50.58295,1.355963,16196.1576389,1.8
50.584140000000005,1.3567870000000002,16196.160416699999,1.0
50.58538,1.35737,16196.1625,2.0
50.58698,1.357955,16196.1645833,1.4
50.5887,1.358503,16196.1673611,1.8
50.59037,1.35903,16196.1694444,1.2
50.592009999999995,1.360127,16196.1722222,2.3
50.58866,1.357307,16196.1743056,8.0
50.58325,1.35319,16196.1777778,1.5
50.58365,1.35315,16196.1791667,1.2
50.584270000000004,1.353318,16196.1805556,2.2
50.585359999999994,1.3536569999999999,16196.1826389,1.2
50.58703,1.354063,16196.1847222,2.5
50.58871,1.354625,16196.1875,2.3
50.58997,1.35477,16196.1888889,1.5
50.59091,1.355167,16196.1902778,1.8
50.592,1.355397,16196.191666699999,2.7
50.59296,1.35612,16196.19375,1.5
50.594359999999995,1.356682,16196.1958333,1.2
50.595240000000004,1.356948,16196.197916699999,7.7
50.58228,1.350257,16196.2027778,1.3
50.58352,1.35061,16196.2069444,2.0
50.58471,1.35112,16196.2090278,0.8
50.58542,1.3515,16196.2104167,1.8
50.58319,1.349915,16196.2125,7.3
50.581790000000005,1.348902,16196.214583300001,0.5
50.58232,1.34917,16196.2159722,2.1
50.58505,1.3502319999999999,16196.2201389,2.1
50.58703,1.351345,16196.222916699999,1.8
50.58887,1.3518700000000001,16196.2256944,2.0
50.589859999999994,1.3522049999999999,16196.2270833,1.0
50.59171,1.3530719999999998,16196.2298611,2.1
50.59254,1.353033,16196.2319444,1.1
50.58959,1.356195,16196.236111100001,8.6
50.58278,1.358663,16196.2381944,8.6
50.57813,1.35909,16196.2402778,0.9
50.57927,1.3595270000000002,16196.2430556,1.9
50.58173,1.360645,16196.2465278,3.7
50.58328,1.360593,16196.2493056,1.7
50.5881,1.361628,16196.2576389,0.7
50.58504,1.36181,16196.2597222,7.7
50.57819,1.362457,16196.2625,0.2
50.57884,1.362487,16196.2659722,2.5
50.578,1.362643,16196.2680556,0.4
50.578520000000005,1.362808,16196.272222200001,1.8
50.58052,1.3633170000000001,16196.275,1.8
50.58229,1.363545,16196.2777778,1.9
50.5846,1.364107,16196.2805556,1.9
50.585359999999994,1.36419,16196.2819444,0.6
50.585390000000004,1.36471,16196.2833333,0.9
50.61182,1.4068379999999998,16196.2944444,9.1
50.61692,1.4155200000000001,16196.2965278,8.9
50.62216,1.423842,16196.298611100001,9.2
50.626709999999996,1.433028,16196.3006944,9.0
50.6319,1.4413200000000002,16196.3027778,8.8
50.63823,1.4507,16196.3055556,8.8
50.644059999999996,1.4579520000000001,16196.3076389,9.1
50.64967,1.465417,16196.3097222,8.4
50.65631,1.473177,16196.3118056,8.4
50.66175,1.480165,16196.3138889,9.0
50.66847,1.487643,16196.316666699999,8.3
50.67411,1.494538,16196.31875,8.4
50.68002,1.500722,16196.3208333,8.5
50.685759999999995,1.507187,16196.322916699999,8.4
50.691590000000005,1.513443,16196.325,8.7
50.6971,1.520402,16196.3270833,9.0
50.70387,1.5280770000000001,16196.3291667,8.2
50.70754,1.532278,16196.3305556,8.5
50.71327,1.539102,16196.3326389,7.9
50.71824,1.543595,16196.334722200001,8.9
50.724270000000004,1.5496299999999998,16196.3368056,8.6
50.73024,1.5552620000000001,16196.3388889,7.9
50.73583,1.560678,16196.3409722,8.1
50.74018,1.569232,16196.34375,8.4
50.73473,1.5786129999999998,16196.3458333,8.7
50.72548,1.6001379999999998,16203.2215278,0.3
50.72552,1.5999649999999999,16203.224305599999,2.2
50.72735,1.59761,16203.2256944,5.7
50.729859999999995,1.591432,16203.227777799999,5.6
50.73263,1.5837,16203.2298611,6.6
50.734359999999995,1.578658,16203.23125,6.5
50.7369,1.574193,16203.232638899999,7.1
50.73992,1.569982,16203.2340278,7.4
50.73859,1.563603,16203.236111100001,10.4
50.733259999999994,1.5563850000000001,16203.2375,10.3
50.7268,1.54797,16203.239583300001,10.0
50.72121,1.5390000000000001,16203.2416667,9.5
50.71513,1.530637,16203.24375,9.8
50.71006,1.523728,16203.245833300001,9.8
50.70447,1.512818,16203.2479167,8.1
50.70009,1.508067,16203.2493056,9.1
50.69409,1.500473,16203.2513889,9.4
50.68734,1.493543,16203.2534722,9.0
50.68141,1.484977,16203.255555599999,8.7
50.67626,1.4815129999999999,16203.2569444,10.3
50.669909999999994,1.4735969999999998,16203.259027799999,9.7
50.66409,1.462572,16203.2618056,9.7
50.65976,1.452577,16203.263888899999,9.5
50.65371,1.4445649999999999,16203.2659722,10.1
50.64857,1.438508,16203.267361100001,9.5
50.64182,1.429742,16203.2701389,9.4
50.637209999999996,1.422757,16203.2715278,9.1
50.63319,1.415192,16203.2736111,8.7
50.62676,1.405583,16203.275694400001,9.7
50.621829999999996,1.399968,16203.2777778,9.0
50.61633,1.389838,16203.2798611,8.6
50.61201,1.382947,16203.2819444,9.5
50.6073,1.374433,16203.2840278,9.3
50.6013,1.363262,16203.286805599999,8.3
50.59552,1.3538569999999999,16203.2888889,8.3
50.58992,1.352168,16203.291666699999,5.0
50.582679999999996,1.3491030000000002,16203.295138899999,5.0
50.57833,1.353647,16203.2979167,3.0
50.57288,1.3517430000000001,16203.3006944,5.1
50.58961,1.35522,16203.3118056,5.9
50.58316,1.3572629999999999,16203.3236111,9.3
50.57725,1.358278,16203.3256944,2.6
50.58123,1.359485,16203.3277778,5.1
50.57954,1.360018,16203.333333300001,8.6
50.579879999999996,1.36316,16203.3368056,4.9
50.5773,1.3655899999999999,16203.3423611,4.9
50.582159999999995,1.3669799999999999,16203.3444444,5.5
50.61758,1.403813,16203.3569444,11.3
50.634809999999995,1.4322549999999998,16203.3631944,11.2
50.64185,1.442447,16203.3652778,10.3
50.649370000000005,1.452453,16203.3680556,10.2
50.65688,1.462078,16203.3701389,9.8
50.66344,1.469355,16203.3722222,9.9
50.67033,1.477107,16203.3743056,10.4
50.67463,1.48211,16203.3756944,9.3
50.68292,1.49029,16203.3784722,10.0
50.6894,1.499133,16203.380555599999,12.2
50.696000000000005,1.5076,16203.3826389,10.6
50.70387,1.517657,16203.3847222,10.9
50.711420000000004,1.5257379999999998,16203.3868056,10.2
50.718059999999994,1.535198,16203.388888899999,11.4
50.72565,1.543667,16203.3909722,9.8
50.730909999999994,1.549202,16203.392361100001,12.1
50.73837,1.558525,16203.3944444,10.9
50.73943,1.569085,16203.397222200001,8.3
50.73478,1.577243,16203.3993056,7.5
50.73214,1.584993,16203.4013889,6.6
50.72985,1.590422,16203.4027778,7.6
50.72802,1.596275,16203.4041667,7.4
50.72493,1.600488,16204.0506944,0.0
50.72627,1.598557,16204.0541667,5.2
50.72945,1.5925799999999999,16204.05625,6.5
50.73322,1.58227,16204.058333300001,8.3
50.73995,1.56586,16204.0625,9.8
50.735459999999996,1.561505,16204.0638889,9.6
50.72511,1.54425,16204.06875,8.6
50.72094,1.534877,16204.0708333,8.9
50.71502,1.528648,16204.072916699999,8.5
50.70861,1.519728,16204.075,8.9
50.70211,1.510788,16204.0777778,9.0
50.69611,1.5007620000000002,16204.079861100001,9.1
50.69021,1.4905629999999999,16204.0826389,8.8
50.68456,1.48245,16204.084722200001,9.4
50.67804,1.47317,16204.0868056,9.4
50.67256,1.465,16204.0888889,8.6
50.667840000000005,1.458312,16204.0909722,8.7
50.66216,1.44784,16204.0930556,9.2
50.65726,1.438805,16204.0951389,9.0
50.6536,1.433403,16204.0965278,8.9
50.64986,1.428295,16204.097916699999,9.1
50.64578,1.420958,16204.1,9.1
50.64175,1.4118899999999999,16204.1020833,8.8
50.63653,1.403325,16204.104166699999,8.8
50.63021,1.39658,16204.10625,9.1
50.62408,1.3891799999999999,16204.1083333,9.0
50.61809,1.381348,16204.1104167,9.3
50.61027,1.373823,16204.1125,9.9
50.60395,1.363312,16204.1152778,9.5
50.59495,1.352682,16204.1180556,9.6
50.59152,1.353322,16204.1201389,1.5
50.59135,1.353385,16204.1222222,1.4
50.590090000000004,1.35277,16204.1236111,1.5
50.589290000000005,1.3523049999999999,16204.125,0.7
50.58832,1.352092,16204.1263889,1.8
50.587379999999996,1.3517219999999999,16204.1277778,1.9
50.58534,1.3507120000000001,16204.13125,1.9
50.58341,1.349758,16204.134027799999,2.0
50.582209999999996,1.349055,16204.1361111,1.8
50.58892,1.3551879999999998,16204.1409722,8.2
50.589079999999996,1.354308,16204.1451389,2.2
50.58995,1.355623,16204.147222200001,0.9
50.58923,1.3555620000000002,16204.1493056,2.2
50.58827,1.3547850000000001,16204.150694400001,2.2
50.587309999999995,1.3543969999999999,16204.152083300001,1.8
50.586009999999995,1.354063,16204.1541667,1.5
50.584179999999996,1.3533030000000001,16204.1569444,2.0
50.58198,1.352323,16204.1597222,2.1
50.58082,1.351682,16204.161805599999,1.9
50.57874,1.350152,16204.165277799999,1.8
50.577659999999995,1.349543,16204.166666699999,1.7
50.57659,1.349122,16204.16875,2.0
50.5857,1.351012,16204.1722222,7.7
50.59381,1.355,16204.175,7.6
50.590740000000004,1.352727,16204.1777778,5.2
50.58337,1.349695,16204.18125,5.8
50.58526,1.360755,16204.1888889,1.5
50.58305,1.36026,16204.191666699999,1.8
50.58175,1.359928,16204.19375,1.9
50.57915,1.3591879999999998,16204.1972222,2.1
50.57784,1.35873,16204.1986111,2.0
50.57653,1.358178,16204.2006944,1.8
50.577090000000005,1.357783,16204.2020833,7.3
50.58113,1.357782,16204.2034722,7.5
50.58786,1.357875,16204.20625,2.3
50.58781,1.3579780000000001,16204.2076389,1.9
50.58716,1.3578700000000001,16204.2090278,1.6
50.58611,1.357705,16204.2104167,2.1
50.58498,1.357417,16204.2118056,2.0
50.58395,1.357127,16204.213194400001,1.7
50.58295,1.35683,16204.2152778,1.1
50.580909999999996,1.355893,16204.2180556,2.3
50.57798,1.3547870000000002,16204.2215278,2.2
50.576209999999996,1.354493,16204.224305599999,2.3
50.574690000000004,1.352438,16204.23125,1.5
50.573609999999995,1.3521100000000001,16204.232638899999,1.9
50.57135,1.35166,16204.2375,2.1
50.56985,1.35127,16204.2388889,1.6
50.568940000000005,1.350882,16204.240972200001,2.1
50.56716,1.35043,16204.2430556,5.3
50.58296,1.36517,16204.25,7.6
50.586209999999994,1.369743,16204.2534722,1.7
50.58455,1.369847,16204.255555599999,1.4
50.5841,1.36943,16204.259027799999,7.6
50.58697,1.368565,16204.2611111,1.2
50.58535,1.369063,16204.2645833,1.6
50.58433,1.368622,16204.2659722,1.8
50.58311,1.367832,16204.2680556,1.4
50.580940000000005,1.367323,16204.270833300001,1.6
50.5799,1.36694,16204.272222200001,1.7
50.57803,1.3663129999999999,16204.275,1.7
50.57741,1.36636,16204.277083300001,1.6
50.57699,1.366683,16204.2784722,1.5
50.58313,1.36227,16204.28125,8.0
50.58679,1.359312,16204.2826389,7.5
50.590720000000005,1.357272,16204.2840278,7.3
50.59015,1.355357,16204.286805599999,5.2
50.58344,1.35294,16204.290277799999,4.7
50.58898,1.3570229999999999,16204.295138899999,7.4
50.59048,1.358013,16204.2965278,4.6
50.58787,1.357453,16204.2979167,4.9
50.58333,1.355995,16204.3006944,4.6
50.5878,1.3607770000000001,16204.306944400001,4.5
50.58521,1.360207,16204.308333300001,4.8
50.58262,1.359533,16204.3097222,4.8
50.576409999999996,1.353405,16204.3152778,4.3
50.5889,1.372127,16204.3277778,8.7
50.59337,1.3747969999999998,16204.3291667,8.8
50.61529,1.426665,16204.3402778,8.7
50.62177,1.432212,16204.3423611,9.3
50.624790000000004,1.4385569999999999,16204.34375,9.0
50.62822,1.444383,16204.3451389,8.6
50.6324,1.451983,16204.3472222,9.2
50.638259999999995,1.459855,16204.349305599999,9.2
50.64535,1.468593,16204.3513889,9.2
50.65109,1.476812,16204.3534722,9.4
50.65513,1.4819229999999999,16204.3548611,9.1
50.65887,1.487667,16204.35625,9.3
50.66511,1.498467,16204.3590278,9.7
50.67096,1.507087,16204.361111100001,10.2
50.67948,1.517695,16204.3638889,9.9
50.68627,1.525188,16204.365972200001,10.1
50.69567,1.5346629999999999,16204.36875,10.4
50.70317,1.54102,16204.370833300001,10.2
50.71368,1.5488600000000001,16204.3736111,10.1
50.72355,1.55473,16204.3756944,10.9
50.73234,1.560563,16204.3777778,10.9
50.73792,1.56435,16204.379166699999,11.8
50.738659999999996,1.571433,16204.38125,8.4
50.73372,1.580098,16204.3833333,8.8
50.725159999999995,1.600343,16205.048611100001,0.0
50.72636,1.5988280000000001,16205.0506944,4.5
50.72898,1.594155,16205.052083300001,6.0
50.73174,1.586563,16205.0541667,7.7
50.73457,1.57956,16205.05625,7.6
50.73803,1.5727149999999999,16205.0576389,8.4
50.7398,1.5646930000000001,16205.0597222,8.5
50.736990000000006,1.5588950000000001,16205.0611111,7.8
50.733270000000005,1.5476,16205.0638889,8.4
50.72694,1.540255,16205.0659722,8.5
50.72144,1.533955,16205.068055599999,8.1
50.71618,1.527202,16205.0701389,8.8
50.71158,1.521965,16205.0722222,7.9
50.705459999999995,1.513198,16205.0743056,8.3
50.70228,1.507595,16205.0756944,8.8
50.69883,1.502613,16205.0770833,8.8
50.69381,1.49453,16205.0791667,8.6
50.68926,1.4855120000000002,16205.08125,8.8
50.68411,1.47746,16205.083333300001,8.4
50.67907,1.4726569999999999,16205.0854167,8.9
50.672129999999996,1.461985,16205.088194400001,8.4
50.66645,1.452428,16205.0902778,8.3
50.66105,1.444933,16205.0923611,8.7
50.655359999999995,1.437997,16205.0944444,8.4
50.651270000000004,1.43096,16205.0965278,8.8
50.64481,1.422398,16205.0986111,8.9
50.64099,1.4174280000000001,16205.1,9.1
50.63745,1.41234,16205.1013889,9.2
50.63185,1.404647,16205.1034722,8.8
50.62802,1.400108,16205.1048611,8.8
50.62433,1.395067,16205.10625,8.7
50.619040000000005,1.386807,16205.1083333,9.6
50.615159999999996,1.381948,16205.1097222,9.3
50.60974,1.373975,16205.1118056,9.3
50.60109,1.3623180000000001,16205.1152778,9.4
50.59238,1.352862,16205.1201389,1.0
50.59081,1.352402,16205.1229167,1.8
50.58611,1.350208,16205.130555599999,2.2
50.582770000000004,1.348658,16205.135416699999,1.8
50.58211,1.3480969999999999,16205.1375,0.9
50.58529,1.3469229999999999,16205.1395833,8.9
50.5948,1.348892,16205.142361100001,8.7
50.592940000000006,1.3465770000000001,16205.1444444,5.0
50.588770000000004,1.345062,16205.1465278,5.3
50.58893,1.352178,16205.150694400001,8.8
50.59145,1.35448,16205.1527778,5.7
50.58855,1.355197,16205.1576389,1.8
50.58444,1.353812,16205.1638889,1.8
50.58298,1.353115,16205.1659722,1.6
50.581309999999995,1.352433,16205.1694444,2.1
50.58015,1.350825,16205.1715278,1.4
50.57871,1.3495700000000002,16205.1743056,1.6
50.57772,1.349512,16205.1763889,8.0
50.58789,1.351243,16205.1798611,8.1
50.59316,1.352522,16205.18125,2.5
50.59215,1.3532600000000001,16205.1868056,7.6
50.591409999999996,1.351897,16205.1888889,5.4
50.58791,1.350108,16205.1902778,5.3
50.58497,1.348708,16205.191666699999,5.5
50.58562,1.36061,16205.2027778,1.8
50.5836,1.360348,16205.2055556,1.8
50.58218,1.3600430000000001,16205.2076389,2.0
50.58061,1.359592,16205.209722200001,1.7
50.57865,1.3588799999999999,16205.213194400001,1.6
50.5839,1.356718,16205.2173611,7.7
50.58818,1.361452,16205.2194444,4.9
50.58529,1.36043,16205.2208333,5.5
50.57991,1.3588879999999999,16205.2236111,5.8
50.57459,1.35761,16205.2256944,5.9
50.57969,1.358192,16205.227777799999,7.7
50.586940000000006,1.357697,16205.2305556,7.6
50.5895,1.3577780000000002,16205.232638899999,0.8
50.582570000000004,1.356357,16205.2423611,2.4
50.57911,1.354852,16205.2472222,1.3
50.57042,1.35165,16205.2618056,1.6
50.56778,1.35051,16205.2652778,1.8
50.566159999999996,1.3494270000000002,16205.2680556,1.3
50.56613,1.3494030000000001,16205.2701389,7.4
50.57079,1.351975,16205.2715278,7.4
50.57555,1.3545,16205.2736111,7.2
50.58243,1.363852,16205.2763889,4.3
50.58081,1.363903,16205.2805556,1.8
50.579159999999995,1.363527,16205.2826389,2.3
50.58278,1.363955,16205.2847222,4.1
50.58258,1.36448,16205.2861111,2.1
50.58298,1.3643299999999998,16205.2881944,0.8
50.58207,1.3639629999999998,16205.2909722,1.5
50.57935,1.363307,16205.2944444,1.5
50.57537,1.36214,16205.3013889,2.1
50.57482,1.3612030000000002,16205.3027778,7.1
50.58,1.3613549999999999,16205.3048611,7.6
50.58522,1.359768,16205.30625,7.7
50.59035,1.358897,16205.308333300001,7.2
50.5815,1.354917,16205.3138889,5.2
50.57853,1.355053,16205.3152778,5.8
50.56731,1.35106,16205.3222222,7.7
50.57557,1.35548,16205.325,7.7
50.56694,1.35501,16205.3326389,8.0
50.57498,1.365237,16205.3354167,8.1
50.57877,1.369307,16205.3368056,8.5
50.58659,1.380795,16205.3402778,8.2
50.59285,1.3886129999999999,16205.3423611,8.2
50.59792,1.396068,16205.3444444,8.1
50.60115,1.401418,16205.3458333,8.4
50.60707,1.410582,16205.3486111,8.2
50.61596,1.42264,16205.3520833,8.4
50.623459999999994,1.432072,16205.3548611,9.2
50.63015,1.44074,16205.3569444,9.0
50.63578,1.448177,16205.3590278,9.1
50.64208,1.457347,16205.3618056,8.8
50.64947,1.467862,16205.364583300001,9.2
50.65508,1.475693,16205.3666667,8.7
50.66278,1.4856850000000001,16205.369444400001,9.0
50.67037,1.49326,16205.3715278,9.7
50.67781,1.501185,16205.3743056,9.5
50.68549,1.5092729999999999,16205.3763889,9.1
50.6899,1.5135129999999999,16205.3777778,9.8
50.69673,1.520538,16205.3798611,9.8
50.70373,1.52779,16205.3819444,9.8
50.708090000000006,1.532852,16205.3833333,10.2
50.715090000000004,1.54017,16205.385416699999,10.2
50.72237,1.547485,16205.3875,10.1
50.73218,1.556607,16205.3902778,10.2
50.74089,1.5660370000000001,16205.3930556,11.1
50.735820000000004,1.57475,16205.3951389,9.3
50.73196,1.585027,16205.397222200001,9.3
50.72786,1.59694,16205.4,5.4
50.72517,1.6002969999999999,16205.402083300001,0.1
50.72517,1.600328,16206.0597222,0.0
50.72681,1.598152,16206.0618056,5.4
50.73004,1.591167,16206.0638889,6.7
50.73366,1.58074,16206.066666699999,8.2
50.73955,1.571725,16206.06875,9.9
50.740140000000004,1.565498,16206.0701389,8.6
50.73705,1.560478,16206.071527799999,7.7
50.732409999999994,1.553592,16206.0736111,7.6
50.72938,1.548835,16206.075,7.6
50.72606,1.544547,16206.076388899999,7.7
50.7244,1.5364870000000002,16206.0784722,7.8
50.72002,1.526175,16206.0805556,8.2
50.71544,1.519153,16206.0826389,7.6
50.71143,1.512928,16206.084722200001,8.7
50.70561,1.504057,16206.0868056,8.2
50.70196,1.49991,16206.088194400001,8.2
50.697759999999995,1.493673,16206.0902778,8.6
50.69133,1.482668,16206.0930556,8.1
50.68505,1.4748700000000001,16206.0951389,8.2
50.68029,1.4665350000000001,16206.0972222,8.4
50.677459999999996,1.460725,16206.0986111,8.3
50.67429,1.4552770000000002,16206.1,8.4
50.66905,1.448112,16206.1020833,8.5
50.66341,1.43879,16206.1048611,8.1
50.65905,1.4328379999999998,16206.10625,8.6
50.654379999999996,1.424678,16206.1083333,8.4
50.65071,1.417252,16206.1104167,8.6
50.646679999999996,1.410405,16206.1118056,8.7
50.64405,1.402503,16206.1138889,8.5
50.63791,1.393627,16206.115972200001,8.3
50.63179,1.3880379999999999,16206.1180556,8.6
50.62809,1.383265,16206.119444400001,8.6
50.623909999999995,1.379465,16206.120833300001,8.4
50.61993,1.375358,16206.1222222,8.3
50.61338,1.370097,16206.1243056,8.9
50.60881,1.36744,16206.1256944,8.6
50.60203,1.362792,16206.1277778,8.6
50.597429999999996,1.3601729999999999,16206.129166699999,8.5
50.59117,1.354025,16206.13125,8.9
50.58382,1.346468,16206.134027799999,8.3
50.58231,1.34691,16206.1361111,2.4
50.58425,1.3484479999999999,16206.138888899999,2.4
50.58522,1.3489799999999998,16206.1409722,1.5
50.5891,1.351343,16206.147222200001,0.0
50.590270000000004,1.351917,16206.1493056,2.2
50.591440000000006,1.352633,16206.1513889,1.6
50.59217,1.352653,16206.1541667,0.6
50.59453,1.3472979999999999,16206.1590278,2.1
50.59381,1.346483,16206.160416699999,1.9
50.59282,1.345815,16206.161805599999,1.9
50.59126,1.3452600000000001,16206.1638889,1.9
50.59029,1.344863,16206.165277799999,1.5
50.58955,1.3447280000000001,16206.166666699999,1.7
50.58846,1.34418,16206.1680556,2.0
50.58743,1.343672,16206.1694444,1.9
50.58611,1.34303,16206.1715278,2.0
50.585029999999996,1.34237,16206.1729167,1.3
50.58038,1.33754,16206.1881944,1.0
50.57994,1.337505,16206.1909722,8.0
50.58372,1.356033,16206.1951389,8.4
50.58518,1.36057,16206.197916699999,1.0
50.583690000000004,1.35965,16206.2006944,1.7
50.58271,1.359393,16206.2020833,1.6
50.58126,1.359008,16206.2041667,1.8
50.58027,1.3585770000000001,16206.2055556,1.2
50.57945,1.358187,16206.2069444,1.6
50.57786,1.35769,16206.209722200001,1.9
50.576029999999996,1.3569950000000002,16206.2118056,2.2
50.57492,1.356798,16206.213194400001,1.8
50.5699,1.353232,16206.2236111,1.4
50.56785,1.351148,16206.227777799999,1.4
50.56457,1.348478,16206.2340278,1.3
50.56361,1.347388,16206.236111100001,1.8
50.56602,1.347675,16206.2381944,7.4
50.57053,1.351585,16206.2402778,7.5
50.575959999999995,1.352112,16206.2423611,9.1
50.57758,1.34865,16206.24375,0.9
50.57642,1.35186,16206.245833300001,3.4
50.57738,1.3532680000000001,16206.2479167,1.8
50.57312,1.351962,16206.254166699999,1.9
50.57185,1.351617,16206.255555599999,1.3
50.57011,1.351223,16206.2583333,1.8
50.566159999999996,1.3486,16206.2631944,2.1
50.569959999999995,1.352327,16206.2652778,6.9
50.57168,1.353532,16206.2666667,1.5
50.57148,1.35376,16206.2680556,1.1
50.57197,1.3545,16206.2694444,1.9
50.57263,1.3548149999999999,16206.270833300001,2.3
50.5688,1.353025,16206.2729167,8.1
50.566309999999994,1.353025,16206.275,0.1
50.56731,1.353012,16206.2784722,0.8
50.56775,1.353232,16206.2798611,1.6
50.56758,1.352855,16206.2875,1.8
50.568529999999996,1.3532799999999998,16206.2895833,6.6
50.57407,1.354808,16206.291666699999,6.7
50.57956,1.357235,16206.29375,6.9
50.58501,1.35953,16206.2958333,6.8
50.58755,1.357885,16206.298611100001,0.3
50.58404,1.35696,16206.3048611,2.1
50.58165,1.356008,16206.308333300001,1.7
50.58263,1.356075,16206.3104167,1.6
50.58354,1.356367,16206.3131944,2.4
50.582359999999994,1.355993,16206.3145833,2.4
50.583220000000004,1.3555469999999998,16206.3159722,7.1
50.58664,1.357952,16206.3173611,6.6
50.58651,1.35733,16206.3243056,2.2
50.58463,1.356933,16206.326388899999,2.3
50.57909,1.356522,16206.3340278,6.9
50.58259,1.359787,16206.3354167,7.4
50.58834,1.3597350000000001,16206.3375,7.0
50.58997,1.3578,16206.3402778,5.2
50.58475,1.35629,16206.3423611,5.3
50.578990000000005,1.354217,16206.3451389,5.5
50.58359,1.357905,16206.347916699999,7.2
50.588190000000004,1.360342,16206.349305599999,7.2
50.58765,1.36103,16206.3513889,5.6
50.582570000000004,1.359553,16206.3534722,5.3
50.57817,1.358765,16206.3555556,5.1
50.57904,1.357952,16206.3583333,7.3
50.584270000000004,1.357383,16206.3604167,7.6
50.59121,1.3560219999999998,16206.3625,3.7
50.58605,1.354085,16206.3652778,5.2
50.58317,1.35309,16206.3673611,4.8
50.57993,1.351668,16206.369444400001,2.4
50.578309999999995,1.351467,16206.3715278,5.0
50.573570000000004,1.349707,16206.3743056,5.1
50.56958,1.347927,16206.3763889,4.9
50.569520000000004,1.348007,16206.3777778,8.3
50.57374,1.350747,16206.379166699999,8.3
50.57675,1.353332,16206.3819444,5.1
50.57347,1.35228,16206.384027799999,4.8
50.570209999999996,1.3512979999999999,16206.385416699999,4.6
50.56909,1.352052,16206.3875,8.4
50.57714,1.355453,16206.3902778,8.5
50.5746,1.355393,16206.3916667,5.0
50.56771,1.353618,16206.3951389,5.0
50.568020000000004,1.357903,16206.397222200001,9.0
50.57553,1.368565,16206.4,9.3
50.58262,1.380087,16206.4027778,9.3
50.587590000000006,1.389557,16206.4048611,9.5
50.59451,1.402045,16206.4076389,9.5
50.60647,1.42095,16206.4125,9.4
50.61112,1.4283270000000001,16206.4138889,9.8
50.61697,1.437303,16206.4159722,9.7
50.62175,1.444308,16206.4180556,9.8
50.62755,1.45329,16206.420138899999,9.6
50.6353,1.4649729999999999,16206.4229167,9.9
50.64121,1.47364,16206.425,9.8
50.648109999999996,1.4835399999999999,16206.427083300001,9.6
50.65417,1.492158,16206.4291667,9.9
50.65829,1.4976399999999999,16206.4305556,9.8
50.66489,1.5052649999999999,16206.4326389,10.1
50.672290000000004,1.511588,16206.4347222,10.2
50.6772,1.515903,16206.4361111,10.2
50.68638,1.522418,16206.4388889,10.5
50.69703,1.530147,16206.441666699999,10.5
50.70498,1.536422,16206.44375,10.7
50.714490000000005,1.543483,16206.4458333,10.9
50.72291,1.549535,16206.447916699999,10.9
50.728320000000004,1.553968,16206.4493056,11.2
50.73782,1.56275,16206.4520833,11.5
50.73738,1.572143,16206.454861100001,8.0
50.73287,1.583125,16206.4569444,8.8
50.728429999999996,1.591518,16206.459722200001,3.9
50.72898,1.59175,16206.4652778,8.2
50.72631,1.59871,16206.4666667,6.1
50.72529,1.6002120000000002,16206.4715278,0.5
50.725429999999996,1.6001319999999999,16207.0618056,0.1
50.72827,1.5960020000000001,16207.0645833,6.3
50.734790000000004,1.579915,16207.068055599999,8.3
50.73872,1.572755,16207.0701389,8.5
50.73895,1.56492,16207.0722222,7.4
50.7348,1.5584719999999999,16207.0743056,6.7
50.73118,1.553503,16207.0756944,7.4
50.728609999999996,1.5487030000000002,16207.0770833,7.1
50.72498,1.543345,16207.0791667,7.3
50.72087,1.536262,16207.08125,7.7
50.71566,1.528713,16207.083333300001,7.0
50.71115,1.521902,16207.0854167,7.6
50.70657,1.514897,16207.0875,7.8
50.70257,1.509067,16207.089583300001,7.9
50.69688,1.501657,16207.0916667,7.9
50.69206,1.494802,16207.09375,8.1
50.68807,1.489363,16207.0958333,8.3
50.68244,1.481527,16207.097916699999,8.1
50.67777,1.47399,16207.1,8.0
50.67256,1.468377,16207.1020833,7.6
50.668240000000004,1.463385,16207.104166699999,7.7
50.66322,1.456795,16207.10625,7.9
50.65907,1.4510319999999999,16207.107638899999,7.8
50.65356,1.44526,16207.1097222,8.1
50.649809999999995,1.44174,16207.111111100001,8.0
50.64434,1.435948,16207.1131944,7.9
50.63998,1.4307379999999998,16207.1152778,8.2
50.6348,1.4238620000000002,16207.1173611,8.0
50.627959999999995,1.415155,16207.1201389,8.1
50.62279,1.4082350000000001,16207.1222222,8.0
50.61331,1.3954799999999998,16207.1256944,8.2
50.607929999999996,1.388892,16207.1277778,8.4
50.602309999999996,1.382815,16207.1298611,8.2
50.598459999999996,1.3788770000000001,16207.13125,8.4
50.59215,1.370767,16207.134027799999,8.3
50.58685,1.3608280000000001,16207.1361111,8.7
50.58319,1.3558780000000001,16207.1375,9.0
50.580059999999996,1.354618,16207.138888899999,4.6
50.57958,1.354655,16207.1402778,0.8
50.58031,1.355402,16207.1416667,2.2
50.58206,1.3561729999999999,16207.1444444,2.4
50.58303,1.356678,16207.145833300001,2.1
50.58401,1.3568719999999999,16207.147222200001,1.5
50.58593,1.357667,16207.150694400001,2.5
50.58775,1.358055,16207.1534722,1.9
50.58872,1.358223,16207.1548611,1.8
50.58032,1.35473,16207.1611111,5.0
50.58467,1.356645,16207.1631944,5.4
50.58931,1.35896,16207.165277799999,6.5
50.577940000000005,1.355375,16207.16875,5.5
50.57629,1.3552600000000001,16207.1715278,2.0
50.574040000000004,1.354937,16207.1756944,1.6
50.57032,1.3540020000000001,16207.18125,1.9
50.569340000000004,1.353365,16207.1826389,1.2
50.56843,1.353278,16207.1840278,1.7
50.56742,1.353097,16207.1854167,2.1
50.56783,1.354438,16207.1881944,8.7
50.573209999999996,1.35871,16207.1895833,8.6
50.57302,1.359538,16207.19375,5.0
50.57035,1.358962,16207.1951389,4.9
50.56765,1.358258,16207.196527799999,5.0
50.57002,1.356175,16207.197916699999,8.8
50.57587,1.353375,16207.2,8.7
50.57698,1.353553,16207.2027778,2.0
50.57598,1.3531,16207.2041667,2.0
50.57495,1.352862,16207.2055556,1.5
50.57228,1.352425,16207.209722200001,1.8
50.570209999999996,1.35134,16207.2125,1.8
50.56903,1.351202,16207.214583300001,1.1
50.567,1.349702,16207.2194444,3.1
50.57387,1.3538,16207.2215278,8.3
50.57809,1.356107,16207.222916699999,5.6
50.57365,1.355253,16207.2256944,5.4
50.56985,1.3543450000000001,16207.2270833,5.5
50.566309999999994,1.3536700000000002,16207.229166699999,5.2
50.56992,1.351548,16207.23125,8.1
50.576640000000005,1.3513549999999999,16207.2333333,8.2
50.57366,1.349113,16207.2548611,7.7
50.578790000000005,1.351625,16207.25625,7.8
50.57824,1.3536549999999998,16207.2576389,5.3
50.57824,1.3536549999999998,16207.2576389,5.3
50.57537,1.352945,16207.259027799999,5.3
50.57537,1.352945,16207.259027799999,5.3
50.5709,1.3513979999999999,16207.2611111,5.4
50.5709,1.3513979999999999,16207.2611111,5.4
50.56715,1.3505049999999998,16207.2631944,5.5
50.56715,1.3505049999999998,16207.2631944,5.5
50.56847,1.349033,16207.2645833,7.5
50.56847,1.349033,16207.2645833,7.5
50.57458,1.350437,16207.2666667,7.5
50.57458,1.350437,16207.2666667,7.5
50.5787,1.35093,16207.2680556,6.3
50.5787,1.35093,16207.2680556,6.3
50.57569,1.350298,16207.270833300001,5.7
50.57569,1.350298,16207.270833300001,5.7
50.57025,1.348363,16207.2729167,5.7
50.57025,1.348363,16207.2729167,5.7
50.56759,1.3461020000000001,16207.275,7.5
50.56759,1.3461020000000001,16207.275,7.5
50.57069,1.346178,16207.2763889,7.7
50.57069,1.346178,16207.2763889,7.7
50.57744,1.351723,16207.2791667,7.1
50.57744,1.351723,16207.2791667,7.1
50.582440000000005,1.356773,16207.28125,7.3
50.582440000000005,1.356773,16207.28125,7.3
50.5805,1.359712,16207.2909722,1.5
50.5805,1.359712,16207.2909722,1.5
50.57646,1.35855,16207.2965278,1.9
50.57646,1.35855,16207.2965278,1.9
50.575179999999996,1.3579780000000001,16207.298611100001,1.8
50.575179999999996,1.3579780000000001,16207.298611100001,1.8
50.5742,1.35689,16207.3,7.5
50.5742,1.35689,16207.3,7.5
50.58123,1.356715,16207.3027778,7.2
50.58123,1.356715,16207.3027778,7.2
50.587720000000004,1.355115,16207.3048611,3.9
50.587720000000004,1.355115,16207.3048611,3.9
50.58849,1.355867,16207.30625,0.6
50.58849,1.355867,16207.30625,0.6
50.585390000000004,1.355073,16207.3111111,1.9
50.585390000000004,1.355073,16207.3111111,1.9
50.584340000000005,1.354268,16207.3125,1.9
50.584340000000005,1.354268,16207.3125,1.9
50.58174,1.353378,16207.3159722,1.1
50.58174,1.353378,16207.3159722,1.1
50.58061,1.352428,16207.3173611,2.3
50.58061,1.352428,16207.3173611,2.3
50.58408,1.357628,16207.3208333,7.0
50.58408,1.357628,16207.3208333,7.0
50.591,1.3633620000000002,16207.3236111,7.1
50.591,1.3633620000000002,16207.3236111,7.1
50.596109999999996,1.372703,16207.326388899999,7.1
50.596109999999996,1.372703,16207.326388899999,7.1
50.59959,1.37788,16207.3277778,6.9
50.59959,1.37788,16207.3277778,6.9
50.60351,1.3842649999999999,16207.329861100001,6.7
50.60351,1.3842649999999999,16207.329861100001,6.7
50.60658,1.39206,16207.3319444,7.0
50.60658,1.39206,16207.3319444,7.0
50.61245,1.399233,16207.334722200001,6.6
50.61245,1.399233,16207.334722200001,6.6
50.61537,1.402975,16207.3361111,6.8
50.61537,1.402975,16207.3361111,6.8
50.620290000000004,1.413967,16207.3388889,7.4
50.620290000000004,1.413967,16207.3388889,7.4
50.62369,1.419753,16207.3409722,6.9
50.62369,1.419753,16207.3409722,6.9
50.6278,1.426708,16207.3430556,7.6
50.6278,1.426708,16207.3430556,7.6
50.63049,1.431702,16207.3444444,7.4
50.63049,1.431702,16207.3444444,7.4
50.63487,1.4425,16207.3472222,7.7
50.63487,1.4425,16207.3472222,7.7
50.63718,1.4523629999999998,16207.349305599999,8.2
50.63718,1.4523629999999998,16207.349305599999,8.2
50.64103,1.460007,16207.3513889,7.4
50.64103,1.460007,16207.3513889,7.4
50.646209999999996,1.467877,16207.3534722,7.4
50.646209999999996,1.467877,16207.3534722,7.4
50.65088,1.4743899999999999,16207.3555556,7.7
50.65088,1.4743899999999999,16207.3555556,7.7
50.65569,1.4807379999999999,16207.357638899999,7.5
50.65569,1.4807379999999999,16207.357638899999,7.5
50.65815,1.48401,16207.3590278,7.4
50.65815,1.48401,16207.3590278,7.4
50.66475,1.49191,16207.3618056,7.5
50.66475,1.49191,16207.3618056,7.5
50.6707,1.4994969999999999,16207.3638889,7.8
50.6707,1.4994969999999999,16207.3638889,7.8
50.67666,1.507272,16207.3666667,7.9
50.67666,1.507272,16207.3666667,7.9
50.68208,1.513172,16207.36875,7.9
50.68208,1.513172,16207.36875,7.9
50.6887,1.519907,16207.370833300001,8.1
50.6887,1.519907,16207.370833300001,8.1
50.6942,1.525883,16207.3736111,7.8
50.6942,1.525883,16207.3736111,7.8
50.7014,1.533145,16207.3756944,7.7
50.7014,1.533145,16207.3756944,7.7
50.70698,1.5384879999999999,16207.3777778,7.6
50.70698,1.5384879999999999,16207.3777778,7.6
50.71168,1.542625,16207.3798611,7.8
50.71168,1.542625,16207.3798611,7.8
50.71581,1.547977,16207.38125,8.3
50.71581,1.547977,16207.38125,8.3
50.71953,1.551205,16207.3833333,7.6
50.71953,1.551205,16207.3833333,7.6
50.72631,1.556785,16207.385416699999,7.7
50.72631,1.556785,16207.385416699999,7.7
50.73342,1.5613549999999998,16207.3875,8.0
50.73342,1.5613549999999998,16207.3875,8.0
50.739670000000004,1.565483,16207.3895833,8.2
50.739670000000004,1.565483,16207.3895833,8.2
50.736509999999996,1.573337,16207.3916667,9.8
50.736509999999996,1.573337,16207.3916667,9.8
50.733990000000006,1.580557,16207.3930556,9.4
50.733990000000006,1.580557,16207.3930556,9.4
50.72999,1.590975,16207.3951389,6.7
50.72999,1.590975,16207.3951389,6.7
50.72717,1.59798,16207.397222200001,4.8
50.72717,1.59798,16207.397222200001,4.8
50.72612,1.599638,16207.4,0.0
50.72612,1.599638,16207.4,0.0
50.728629999999995,1.594682,16209.056944400001,6.2
50.73217,1.585417,16209.0590278,7.0
50.73584,1.575358,16209.0618056,7.5
50.74131,1.566863,16209.0638889,6.6
50.73695,1.561072,16209.0659722,6.7
50.73393,1.5577530000000002,16209.0673611,6.9
50.73022,1.5532629999999998,16209.0694444,6.4
50.72438,1.546758,16209.0722222,6.5
50.7202,1.54072,16209.0743056,6.9
50.71107,1.5292649999999999,16209.0784722,7.0
50.708259999999996,1.52575,16209.079861100001,6.4
50.70491,1.520397,16209.0819444,6.7
50.700959999999995,1.5162149999999999,16209.083333300001,7.2
50.69619,1.511275,16209.0854167,6.9
50.693059999999996,1.507368,16209.0868056,7.4
50.68739,1.500783,16209.089583300001,7.2
50.682320000000004,1.495433,16209.0916667,7.4
50.67738,1.490205,16209.09375,7.1
50.67261,1.4843600000000001,16209.0958333,6.9
50.668440000000004,1.477508,16209.097916699999,7.0
50.66411,1.474502,16209.099305599999,7.1
50.6593,1.4665780000000002,16209.1020833,6.9
50.65485,1.4602979999999999,16209.104166699999,7.1
50.650240000000004,1.454408,16209.10625,7.3
50.64561,1.4465379999999999,16209.1083333,6.6
50.64022,1.440142,16209.111111100001,7.0
50.636520000000004,1.4350370000000001,16209.1125,7.1
50.631809999999994,1.429437,16209.114583300001,7.1
50.6274,1.42577,16209.1166667,7.3
50.62133,1.41794,16209.119444400001,7.1
50.61649,1.4098700000000002,16209.1215278,7.3
50.61035,1.402433,16209.1243056,7.0
50.60535,1.398017,16209.1263889,7.5
50.600640000000006,1.389933,16209.129166699999,7.4
50.596270000000004,1.3834879999999998,16209.13125,7.2
50.592890000000004,1.375642,16209.1333333,7.3
50.588409999999996,1.369198,16209.135416699999,7.2
50.581720000000004,1.358392,16209.1381944,7.8
50.5762,1.353142,16209.1409722,7.5
50.5689,1.34674,16209.14375,2.3
50.56733,1.346692,16209.145833300001,0.4
50.5693,1.346973,16209.1493056,2.1
50.57005,1.34704,16209.150694400001,1.5
50.57199,1.348125,16209.1534722,1.5
50.572959999999995,1.348417,16209.1548611,1.7
50.57444,1.34922,16209.1569444,1.6
50.57542,1.349628,16209.1583333,1.6
50.57761,1.35028,16209.161805599999,8.9
50.57891,1.351142,16209.1638889,0.9
50.57906,1.35449,16209.1659722,9.5
50.57795,1.3585399999999999,16209.1680556,5.4
50.582190000000004,1.3596620000000001,16209.170138899999,5.2
50.586529999999996,1.360633,16209.1722222,5.2
50.58498,1.354738,16209.175,8.1
50.580690000000004,1.3513700000000002,16209.1763889,2.8
50.58497,1.3532620000000002,16209.178472200001,5.9
50.58149,1.3531600000000001,16209.183333300001,8.3
50.57585,1.351577,16209.1847222,8.4
50.566990000000004,1.349607,16209.1888889,0.2
50.5685,1.3501020000000001,16209.1923611,1.0
50.56969,1.35053,16209.1944444,1.4
50.5728,1.351813,16209.2,1.5
50.57504,1.352765,16209.2034722,2.1
50.57573,1.352798,16209.2055556,0.5
50.57163,1.348963,16209.208333300001,8.7
50.56689,1.347243,16209.2104167,4.0
50.57163,1.348822,16209.2125,5.9
50.57647,1.35038,16209.214583300001,6.0
50.57373,1.352507,16209.2166667,8.8
50.56629,1.353205,16209.2194444,1.4
50.56651,1.352623,16209.2215278,1.3
50.56769,1.3529200000000001,16209.2236111,1.6
50.56973,1.353808,16209.2270833,1.6
50.570859999999996,1.354167,16209.229166699999,1.3
50.57201,1.354652,16209.23125,1.5
50.57501,1.3558700000000001,16209.236111100001,1.3
50.57573,1.355957,16209.2375,0.6
50.57585,1.35545,16209.2388889,0.6
50.56633,1.349615,16209.2430556,4.2
50.56909,1.350927,16209.2451389,5.7
50.57387,1.352267,16209.2472222,5.8
50.57604,1.356352,16209.2486111,8.8
50.57614,1.359853,16209.2527778,1.7
50.574459999999995,1.359443,16209.2548611,0.5
50.57354,1.359177,16209.25625,1.8
50.5719,1.3586799999999999,16209.259027799999,1.2
50.56949,1.3578629999999998,16209.2625,1.0
50.56787,1.3576,16209.2652778,0.7
50.56727,1.355952,16209.2694444,8.3
50.573240000000006,1.35558,16209.2715278,8.6
50.57841,1.356027,16209.2743056,1.0
50.57825,1.354703,16209.2763889,2.2
50.577290000000005,1.355892,16209.2784722,4.6
50.57062,1.354427,16209.2819444,5.4
50.566390000000006,1.353162,16209.2840278,8.8
50.57412,1.3533680000000001,16209.2861111,8.3
50.58109,1.3540780000000001,16209.2881944,8.5
50.5878,1.3576700000000002,16209.2909722,1.5
50.58716,1.357058,16209.29375,2.1
50.586090000000006,1.356543,16209.2958333,1.7
50.583290000000005,1.355212,16209.3,1.4
50.58215,1.354643,16209.302083300001,1.9
50.58032,1.353668,16209.3041667,2.1
50.57902,1.352688,16209.30625,1.6
50.58012,1.352565,16209.3076389,8.1
50.587559999999996,1.3559780000000001,16209.3104167,8.1
50.58825,1.356948,16209.3138889,4.8
50.581379999999996,1.355175,16209.3173611,5.1
50.58265,1.356673,16209.3194444,7.8
50.58848,1.363925,16209.321527799999,7.6
50.59353,1.369592,16209.3236111,7.3
50.59865,1.374567,16209.3256944,7.6
50.60417,1.379162,16209.3277778,7.5
50.60736,1.383183,16209.3291667,7.5
50.61101,1.386048,16209.3305556,7.5
50.61663,1.3934799999999998,16209.333333300001,7.6
50.62169,1.399278,16209.3354167,7.5
50.6264,1.405987,16209.3375,7.6
50.63208,1.413507,16209.339583300001,7.7
50.6373,1.419083,16209.3416667,7.5
50.642340000000004,1.424925,16209.34375,7.6
50.64758,1.430037,16209.3458333,7.5
50.65417,1.4375870000000002,16209.3486111,7.1
50.6599,1.444038,16209.3513889,7.3
50.66474,1.449862,16209.3534722,7.1
50.669909999999994,1.457023,16209.3555556,7.0
50.67426,1.463265,16209.357638899999,6.8
50.67737,1.466907,16209.3590278,7.0
50.68277,1.473508,16209.3618056,7.3
50.687020000000004,1.480422,16209.3638889,7.4
50.691520000000004,1.489433,16209.365972200001,7.7
50.69368,1.49528,16209.3673611,7.6
50.697559999999996,1.503788,16209.369444400001,8.2
50.70151,1.5123469999999999,16209.3715278,8.0
50.706759999999996,1.521088,16209.3743056,7.5
50.71073,1.5288899999999999,16209.3763889,7.4
50.714909999999996,1.536088,16209.3784722,7.2
50.71969,1.5424120000000001,16209.380555599999,7.5
50.725590000000004,1.54855,16209.3826389,7.5
50.731609999999996,1.554625,16209.385416699999,7.1
50.73734,1.56094,16209.3875,7.2
50.74113,1.568108,16209.3895833,8.8
50.73561,1.57618,16209.3916667,9.1
50.733090000000004,1.582948,16209.3930556,8.9
50.72933,1.593265,16209.3951389,7.4
50.72551,1.600065,16210.048611100001,0.5
50.72746,1.59735,16210.0506944,6.2
50.730290000000004,1.590118,16210.0527778,6.8
50.7337,1.5807870000000002,16210.0548611,7.7
50.73874,1.572225,16210.0576389,8.7
50.7369,1.561293,16210.0611111,7.4
50.73174,1.552195,16210.0638889,6.4
50.72692,1.545448,16210.0659722,7.0
50.722390000000004,1.540485,16210.068055599999,6.4
50.71945,1.536758,16210.0694444,7.6
50.71585,1.53176,16210.071527799999,7.0
50.71052,1.52309,16210.0743056,6.7
50.70486,1.516065,16210.0770833,7.4
50.7008,1.508897,16210.0791667,7.0
50.6953,1.501047,16210.08125,7.8
50.69207,1.497087,16210.0826389,7.1
50.687540000000006,1.49054,16210.084722200001,7.3
50.68277,1.4846780000000002,16210.0868056,8.3
50.67827,1.478258,16210.0888889,7.3
50.67467,1.472628,16210.0909722,7.2
50.664159999999995,1.460292,16210.0951389,7.6
50.65952,1.4538870000000002,16210.0972222,7.1
50.65406,1.446607,16210.1,7.2
50.64889,1.4389129999999999,16210.1020833,7.5
50.6444,1.4325700000000001,16210.104166699999,7.4
50.639720000000004,1.426778,16210.10625,7.9
50.63511,1.41879,16210.1090278,7.0
50.62968,1.4118549999999999,16210.111111100001,7.6
50.626529999999995,1.407817,16210.1125,7.2
50.62175,1.3992719999999998,16210.1152778,7.2
50.61756,1.392608,16210.1173611,7.0
50.60946,1.3860620000000001,16210.120833300001,7.1
50.60357,1.381122,16210.1229167,6.8
50.59023,1.369653,16210.1284722,7.0
50.58611,1.3656549999999998,16210.130555599999,7.2
50.57824,1.3588149999999999,16210.135416699999,3.7
50.57825,1.358675,16210.1375,1.5
50.58023,1.359307,16210.1402778,1.8
50.58206,1.35962,16210.1430556,1.6
50.583059999999996,1.3598649999999999,16210.1444444,2.3
50.584740000000004,1.360183,16210.147222200001,2.1
50.586729999999996,1.360567,16210.15,2.5
50.58804,1.360865,16210.1513889,2.1
50.58809,1.361157,16210.1534722,8.1
50.58305,1.3586770000000001,16210.1548611,7.6
50.57703,1.357025,16210.1569444,4.3
50.58225,1.359442,16210.1597222,5.4
50.58832,1.3597350000000001,16210.1638889,7.5
50.58168,1.354715,16210.1659722,6.1
50.580940000000005,1.354527,16210.1680556,1.0
50.581579999999995,1.354595,16210.1694444,1.3
50.591359999999995,1.358222,16210.1854167,7.8
50.58186,1.35479,16210.1881944,7.8
50.5875,1.356982,16210.193055599999,5.2
50.589420000000004,1.355592,16210.1958333,8.4
50.58531,1.3529799999999998,16210.1972222,8.0
50.58201,1.351917,16210.1993056,1.2
50.58932,1.354975,16210.213194400001,5.8
50.58514,1.3527120000000001,16210.214583300001,8.2
50.58031,1.35145,16210.2173611,5.2
50.58461,1.352607,16210.2194444,5.3
50.589059999999996,1.3541,16210.2215278,5.1
50.58735,1.352012,16210.224305599999,8.3
50.58033,1.351712,16210.2263889,8.5
50.57452,1.353118,16210.227777799999,8.5
50.56803,1.353825,16210.23125,1.0
50.569790000000005,1.354308,16210.2354167,2.2
50.57179,1.354607,16210.2388889,2.7
50.57359,1.354795,16210.2416667,1.4
50.57592,1.355732,16210.2451389,1.7
50.57826,1.356105,16210.2486111,0.8
50.578590000000005,1.355832,16210.2527778,0.3
50.578720000000004,1.355085,16210.2548611,7.6
50.57229,1.356233,16210.2569444,9.2
50.56647,1.3567870000000002,16210.2597222,5.4
50.569790000000005,1.357493,16210.2611111,6.0
50.57522,1.355928,16210.263888899999,9.3
50.56902,1.351048,16210.2659722,8.9
50.56605,1.34959,16210.267361100001,2.0
50.56776,1.350637,16210.272222200001,2.1
50.569309999999994,1.350667,16210.2743056,2.1
50.57056,1.3507770000000001,16210.277083300001,1.9
50.57195,1.351508,16210.2798611,2.1
50.574,1.352542,16210.2833333,2.3
50.57529,1.3539370000000002,16210.2875,8.9
50.573879999999996,1.355337,16210.2909722,5.2
50.5695,1.35457,16210.2930556,5.2
50.56605,1.3533469999999999,16210.2944444,8.8
50.57423,1.350587,16210.2972222,8.9
50.57628,1.349887,16210.3006944,1.6
50.575309999999995,1.3490280000000001,16210.302083300001,2.2
50.57439,1.348533,16210.303472200001,1.6
50.570640000000004,1.347512,16210.3097222,1.5
50.568870000000004,1.346955,16210.3125,1.6
50.5676,1.346537,16210.3138889,1.8
50.56684,1.3462379999999998,16210.3152778,1.0
50.56637,1.345703,16210.316666699999,2.8
50.57087,1.34899,16210.31875,8.2
50.57734,1.352623,16210.3208333,7.8
50.57634,1.353042,16210.3236111,5.3
50.57098,1.3517430000000001,16210.3256944,5.5
50.57216,1.3516270000000001,16210.3284722,8.3
50.57897,1.351698,16210.3305556,6.2
50.57372,1.349253,16210.333333300001,6.0
50.569590000000005,1.34815,16210.3354167,6.3
50.57219,1.357238,16210.3388889,8.2
50.57677,1.3655629999999999,16210.3409722,8.3
50.58128,1.373977,16210.3430556,8.4
50.58648,1.383442,16210.3451389,8.0
50.58998,1.3903450000000002,16210.3472222,7.8
50.594640000000005,1.398018,16210.349305599999,8.4
50.60011,1.406928,16210.3513889,7.9
50.603320000000004,1.4118700000000002,16210.352777799999,8.2
50.6103,1.4212120000000001,16210.3555556,8.1
50.613479999999996,1.426498,16210.3569444,8.6
50.61815,1.434627,16210.3590278,8.1
50.62303,1.442008,16210.361111100001,8.2
50.62814,1.4487370000000002,16210.3631944,7.9
50.63293,1.456057,16210.3652778,7.8
50.63769,1.4633200000000002,16210.3673611,8.0
50.642509999999994,1.470292,16210.369444400001,7.7
50.64748,1.476813,16210.3715278,7.9
50.65068,1.481322,16210.3729167,7.8
50.65583,1.487442,16210.375,7.8
50.66128,1.493157,16210.3770833,7.7
50.667629999999996,1.500173,16210.3798611,7.6
50.67391,1.507098,16210.3819444,8.0
50.68019,1.513647,16210.3847222,7.7
50.68547,1.519558,16210.3868056,7.1
50.69146,1.5261879999999999,16210.388888899999,7.9
50.69502,1.5291549999999998,16210.3902778,7.3
50.700390000000006,1.534643,16210.392361100001,8.1
50.70579,1.539735,16210.3944444,7.5
50.711009999999995,1.544937,16210.3965278,7.4
50.71633,1.5497049999999999,16210.3986111,7.3
50.72187,1.553855,16210.400694400001,7.1
50.72567,1.556365,16210.402083300001,7.3
50.73169,1.5595629999999998,16210.4041667,7.5
50.73554,1.5616649999999999,16210.4055556,7.4
50.74100000000001,1.566052,16210.4076389,7.9
50.73642,1.574193,16210.4097222,9.1
50.73182,1.58607,16210.4125,9.2
50.72569,1.599935,16211.0472222,0.2
50.7257,1.599957,16211.048611100001,0.7
50.72811,1.59657,16211.0513889,5.7
50.73012,1.58991,16211.053472200001,7.4
50.734390000000005,1.580557,16211.0555556,7.8
50.737840000000006,1.5721180000000001,16211.0576389,8.5
50.73469,1.558082,16211.0625,7.3
50.7303,1.553212,16211.0638889,8.1
50.72507,1.546707,16211.0659722,8.1
50.72015,1.539563,16211.068055599999,8.0
50.71143,1.529463,16211.071527799999,8.0
50.70643,1.522277,16211.0736111,8.2
50.70324,1.517842,16211.075,8.8
50.700590000000005,1.5121930000000001,16211.076388899999,7.4
50.69525,1.505845,16211.0784722,8.2
50.690909999999995,1.499945,16211.0805556,8.2
50.68564,1.49336,16211.0826389,7.7
50.6799,1.488335,16211.084722200001,8.1
50.67592,1.48184,16211.0861111,8.7
50.66992,1.474677,16211.0888889,8.1
50.6656,1.469507,16211.0902778,8.3
50.66243,1.464322,16211.0916667,8.4
50.65756,1.45671,16211.09375,8.5
50.65357,1.4501620000000002,16211.0958333,8.5
50.64985,1.44334,16211.0972222,8.0
50.64472,1.43678,16211.099305599999,7.9
50.64167,1.4318870000000001,16211.1006944,7.8
50.63674,1.425133,16211.102777799999,7.6
50.6336,1.4207969999999999,16211.104166699999,7.7
50.63019,1.4165379999999999,16211.1055556,7.7
50.62529,1.409942,16211.107638899999,7.6
50.62025,1.403615,16211.1097222,7.7
50.61185,1.393665,16211.1131944,7.7
50.608940000000004,1.389025,16211.114583300001,8.0
50.605059999999995,1.383945,16211.1166667,7.5
50.59875,1.376002,16211.11875,7.2
50.596509999999995,1.3727129999999998,16211.1201389,7.1
50.592859999999995,1.366918,16211.1222222,7.4
50.58631,1.358927,16211.125,7.6
50.58099,1.3517700000000001,16211.1277778,2.7
50.58076,1.3515780000000002,16211.129166699999,1.4
50.58201,1.3519780000000001,16211.1319444,1.7
50.583079999999995,1.352325,16211.1333333,1.6
50.58429,1.352657,16211.135416699999,1.7
50.58527,1.3529229999999999,16211.1368056,1.5
50.58955,1.353915,16211.1430556,1.7
50.59069,1.354183,16211.1444444,2.1
50.588429999999995,1.352805,16211.1465278,7.5
50.583420000000004,1.351623,16211.1486111,7.4
50.5712,1.3481670000000001,16211.1527778,7.7
50.56838,1.3475700000000002,16211.1555556,0.7
50.57101,1.348107,16211.160416699999,2.0
50.57443,1.349048,16211.1659722,1.6
50.57835,1.351552,16211.1743056,7.7
50.570009999999996,1.3513979999999999,16211.177083300001,3.3
50.56997,1.35106,16211.1791667,0.9
50.571000000000005,1.35124,16211.18125,1.8
50.57195,1.35154,16211.1826389,1.6
50.57295,1.3517569999999999,16211.1847222,1.3
50.57421,1.3521530000000002,16211.1861111,1.8
50.57504,1.352282,16211.1875,1.5
50.57781,1.353078,16211.191666699999,1.8
50.57985,1.354408,16211.1958333,5.4
50.57158,1.356447,16211.1986111,7.6
50.56903,1.35445,16211.201388899999,1.5
50.56848,1.3544530000000001,16211.2034722,0.8
50.56958,1.354757,16211.20625,2.1
50.571670000000005,1.355008,16211.2090278,1.1
50.57291,1.355537,16211.2104167,1.9
50.574709999999996,1.355472,16211.213194400001,1.3
50.57602,1.3555979999999999,16211.2159722,1.2
50.57793,1.35618,16211.21875,1.7
50.57918,1.357318,16211.2208333,2.4
50.574670000000005,1.35192,16211.222916699999,7.7
50.57139,1.348555,16211.225,5.3
50.57535,1.349887,16211.2270833,5.3
50.58055,1.3514899999999999,16211.229166699999,6.1
50.58081,1.35303,16211.23125,8.0
50.573609999999995,1.350088,16211.2333333,7.9
50.56815,1.3508870000000002,16211.236111100001,4.3
50.57347,1.352472,16211.2381944,5.5
50.57797,1.353768,16211.2402778,5.4
50.578070000000004,1.354902,16211.2423611,8.0
50.57255,1.35376,16211.24375,8.1
50.56847,1.354018,16211.245833300001,5.1
50.57295,1.3552620000000002,16211.2479167,5.6
50.57667,1.356277,16211.25,5.7
50.57423,1.356797,16211.2520833,8.3
50.5696,1.356743,16211.2534722,8.3
50.56658,1.356948,16211.2548611,1.2
50.5663,1.356592,16211.25625,0.1
50.56713,1.3569120000000001,16211.2583333,2.3
50.57038,1.358187,16211.263888899999,1.5
50.57293,1.3586850000000001,16211.267361100001,1.9
50.56411,1.35794,16211.2729167,5.8
50.56843,1.3580649999999999,16211.275,5.4
50.5731,1.358157,16211.277083300001,5.6
50.57884,1.359325,16211.2791667,9.3
50.57932,1.358282,16211.2805556,1.6
50.58033,1.359042,16211.2833333,2.9
50.58447,1.3605479999999999,16211.2895833,1.9
50.587309999999995,1.361348,16211.29375,1.7
50.58849,1.360897,16211.2972222,9.0
50.58406,1.354042,16211.2993056,9.1
50.57674,1.348175,16211.3013889,5.1
50.58101,1.349745,16211.303472200001,5.4
50.585609999999996,1.357327,16211.3152778,1.3
50.58644,1.3574,16211.3173611,2.6
50.59117,1.3589799999999999,16211.3270833,4.6
50.59033,1.359338,16211.3284722,4.6
50.587379999999996,1.358557,16211.329861100001,5.6
50.58272,1.356803,16211.3319444,5.7
50.59015,1.3776469999999998,16211.338194400001,8.7
50.59352,1.383212,16211.339583300001,8.8
50.596959999999996,1.388882,16211.3409722,8.7
50.60269,1.3956629999999999,16211.3430556,8.8
50.608340000000005,1.402918,16211.3451389,8.8
50.613859999999995,1.410518,16211.3472222,8.9
50.6204,1.419083,16211.35,8.9
50.62591,1.4263370000000002,16211.3520833,8.9
50.631679999999996,1.433068,16211.354166699999,8.6
50.63843,1.440752,16211.35625,8.5
50.645509999999994,1.451125,16211.3590278,8.7
50.6486,1.4566379999999999,16211.3604167,8.4
50.654509999999995,1.46196,16211.3625,8.4
50.65808,1.466367,16211.3638889,8.1
50.66117,1.471648,16211.3652778,8.2
50.66601,1.479623,16211.3673611,8.3
50.67055,1.487792,16211.369444400001,8.3
50.67569,1.495252,16211.3715278,8.4
50.68085,1.502697,16211.3736111,8.3
50.68581,1.510348,16211.3756944,8.2
50.68933,1.514777,16211.3770833,8.1
50.6945,1.522008,16211.379166699999,8.3
50.7,1.528738,16211.38125,8.4
50.70365,1.5328899999999999,16211.3826389,8.0
50.70937,1.538325,16211.3847222,7.9
50.7148,1.544227,16211.3868056,7.4
50.71837,1.547135,16211.3881944,7.3
50.72392,1.551448,16211.3902778,7.3
50.72933,1.556028,16211.392361100001,7.1
50.73295,1.558778,16211.39375,7.4
50.73767,1.562007,16211.395833300001,7.0
50.739340000000006,1.568992,16211.3979167,8.9
50.733999999999995,1.57945,16211.400694400001,9.0
50.729729999999996,1.591252,16211.4027778,9.3
50.72603,1.5992899999999999,16212.05625,5.5
50.72954,1.592657,16212.058333300001,7.3
50.73323,1.582865,16212.0604167,7.6
50.737359999999995,1.57474,16212.0625,7.9
50.74154,1.570523,16212.0645833,6.9
50.73748,1.561515,16212.066666699999,8.3
50.732890000000005,1.55265,16212.06875,9.1
50.7303,1.5461049999999998,16212.0701389,9.1
50.72677,1.541097,16212.071527799999,9.3
50.72122,1.534082,16212.0736111,9.3
50.71693,1.52819,16212.0756944,9.4
50.71095,1.519227,16212.0777778,7.8
50.70528,1.5127950000000001,16212.079861100001,8.0
50.69934,1.506637,16212.0819444,9.5
50.69576,1.50195,16212.083333300001,8.8
50.69144,1.495682,16212.0854167,8.4
50.68488,1.487593,16212.0875,8.5
50.68084,1.480815,16212.089583300001,9.0
50.67458,1.4726920000000001,16212.0916667,7.6
50.66935,1.462705,16212.0944444,8.1
50.663940000000004,1.453678,16212.0965278,7.0
50.65937,1.4457719999999998,16212.0986111,7.7
50.65497,1.440377,16212.1006944,8.1
50.64895,1.430613,16212.1034722,8.8
50.64305,1.423107,16212.1055556,7.8
50.63817,1.416598,16212.107638899999,8.0
50.63557,1.4110850000000001,16212.1090278,8.2
50.63081,1.404362,16212.111111100001,7.3
50.62631,1.400455,16212.1131944,7.2
50.61777,1.39161,16212.1166667,8.0
50.613459999999996,1.38744,16212.1180556,6.8
50.61031,1.38321,16212.119444400001,8.1
50.60588,1.37663,16212.1215278,7.8
50.60033,1.370265,16212.1243056,8.0
50.5942,1.3627049999999998,16212.1270833,7.2
50.589079999999996,1.358292,16212.129166699999,6.8
50.582570000000004,1.354568,16212.13125,7.5
50.57901,1.352298,16212.1326389,7.1
50.57267,1.349158,16212.1361111,1.9
50.57325,1.3494549999999998,16212.1402778,2.6
50.575109999999995,1.350047,16212.142361100001,1.6
50.57717,1.350623,16212.145833300001,2.3
50.5801,1.351592,16212.15,1.9
50.5819,1.352118,16212.1527778,1.6
50.58365,1.353035,16212.1548611,2.5
50.5798,1.352675,16212.1576389,6.6
50.57247,1.349397,16212.160416699999,7.2
50.57393,1.350017,16212.1625,5.5
50.5844,1.352693,16212.166666699999,5.1
50.58415,1.3529149999999999,16212.16875,6.8
50.578379999999996,1.35301,16212.1708333,6.9
50.57028,1.351238,16212.173611100001,3.3
50.56917,1.351408,16212.175,0.7
50.57018,1.351795,16212.177083300001,1.9
50.572559999999996,1.352495,16212.1805556,2.3
50.57369,1.352892,16212.181944400001,1.6
50.57493,1.353373,16212.1840278,2.3
50.57608,1.3536620000000001,16212.1854167,1.7
50.57728,1.353957,16212.1875,1.5
50.57911,1.35447,16212.1902778,1.5
50.5822,1.356108,16212.19375,3.0
50.57806,1.356835,16212.196527799999,7.1
50.57108,1.355728,16212.1993056,7.6
50.56915,1.354547,16212.201388899999,1.5
50.57117,1.355157,16212.2055556,1.8
50.57315,1.355572,16212.208333300001,1.3
50.57458,1.35617,16212.2104167,2.5
50.57598,1.3563370000000001,16212.2125,1.3
50.57793,1.356795,16212.2152778,1.7
50.57973,1.3574629999999999,16212.2173611,3.2
50.58128,1.358105,16212.2194444,2.0
50.58313,1.358743,16212.2215278,2.3
50.57935,1.359972,16212.2236111,6.7
50.56772,1.358265,16212.227777799999,7.2
50.56521,1.3581299999999998,16212.2298611,1.5
50.56905,1.3584450000000001,16212.236111100001,1.1
50.57011,1.3584,16212.2381944,1.7
50.5713,1.358558,16212.239583300001,1.5
50.572359999999996,1.358487,16212.2416667,1.8
50.57383,1.3585399999999999,16212.24375,1.0
50.57585,1.358595,16212.2465278,1.5
50.57795,1.359783,16212.2493056,4.6
50.57888,1.358663,16212.2506944,1.6
50.5779,1.348537,16212.255555599999,1.7
50.57821,1.3484,16212.2569444,1.7
50.57972,1.348778,16212.2597222,2.5
50.58119,1.3496350000000001,16212.2618056,1.1
50.58246,1.34995,16212.263888899999,2.3
50.58465,1.350867,16212.267361100001,1.6
50.58297,1.349435,16212.272222200001,7.7
50.5794,1.34629,16212.2736111,8.1
50.57405,1.347083,16212.277083300001,4.8
50.584959999999995,1.352015,16212.2826389,7.8
50.5807,1.35077,16212.2840278,8.0
50.5749,1.347032,16212.2861111,7.7
50.580020000000005,1.347605,16212.290277799999,5.3
50.58352,1.34906,16212.2923611,5.4
50.581759999999996,1.351267,16212.2944444,8.3
50.571979999999996,1.3544,16212.2972222,6.4
50.575070000000004,1.356127,16212.2993056,5.3
50.5787,1.357057,16212.3013889,5.1
50.57792,1.355947,16212.3055556,7.8
50.572829999999996,1.352518,16212.3076389,3.1
50.58238,1.354568,16212.3125,4.8
50.58482,1.355407,16212.3145833,5.0
50.58157,1.356027,16212.3173611,1.2
50.58355,1.356578,16212.339583300001,5.9
50.58838,1.358402,16212.3416667,6.0
50.614979999999996,1.38878,16212.3506944,9.7
50.630990000000004,1.410115,16212.35625,10.1
50.6369,1.418352,16212.3583333,10.5
50.642520000000005,1.4271,16212.3604167,8.7
50.649770000000004,1.4390450000000001,16212.3631944,9.8
50.65723,1.450652,16212.365972200001,8.5
50.66239,1.457242,16212.3673611,9.6
50.6664,1.462732,16212.36875,9.0
50.67217,1.470933,16212.370833300001,10.3
50.67824,1.4808299999999999,16212.3736111,9.2
50.68469,1.489973,16212.3756944,8.8
50.68983,1.498523,16212.3777778,8.2
50.696220000000004,1.508168,16212.380555599999,9.8
50.70263,1.517657,16212.3826389,9.0
50.70837,1.525485,16212.3847222,8.9
50.71411,1.533068,16212.3868056,9.0
50.720079999999996,1.5403,16212.388888899999,9.2
50.72425,1.544615,16212.3902778,9.3
50.72845,1.548837,16212.3916667,8.4
50.73446,1.55501,16212.39375,8.2
50.737970000000004,1.559328,16212.3951389,8.1
50.74205,1.5651979999999999,16212.397222200001,8.3
50.736959999999996,1.572265,16212.3993056,8.6
50.73037,1.589882,16212.4034722,6.5
50.72707,1.597748,16212.4055556,4.1
50.72575,1.599755,16212.4111111,3.4
50.725590000000004,1.600028,16213.0527778,0.5
50.72785,1.596773,16213.0555556,6.4
50.730709999999995,1.5893979999999999,16213.0576389,7.2
50.73415,1.5800020000000001,16213.0597222,7.0
50.73899,1.570618,16213.0625,8.3
50.73802,1.562355,16213.0645833,9.9
50.73287,1.555037,16213.0659722,9.9
50.72534,1.544983,16213.06875,9.8
50.71848,1.534408,16213.0708333,9.6
50.71261,1.525218,16213.072916699999,10.0
50.70831,1.517107,16213.075,9.5
50.70223,1.508472,16213.0770833,9.9
50.69654,1.500098,16213.0791667,10.1
50.68233,1.480718,16213.0840278,10.9
50.67605,1.472685,16213.0861111,9.8
50.66993,1.4645219999999999,16213.088194400001,9.9
50.66323,1.4581950000000001,16213.0902778,9.7
50.65826,1.451748,16213.0916667,8.7
50.65228,1.4441700000000002,16213.09375,9.6
50.6388,1.432052,16213.097916699999,9.5
50.632259999999995,1.425643,16213.1,9.8
50.62553,1.419917,16213.1020833,8.1
50.61953,1.4124079999999999,16213.104166699999,9.1
50.611979999999996,1.401923,16213.1069444,8.6
50.60652,1.396775,16213.1090278,8.8
50.601279999999996,1.391068,16213.1104167,8.4
50.596000000000004,1.3854030000000002,16213.1125,9.0
50.59108,1.3794629999999999,16213.1138889,9.1
50.58533,1.372317,16213.115972200001,8.7
50.57929,1.366005,16213.1180556,8.3
50.57375,1.358635,16213.1201389,9.6
50.57354,1.356143,16213.1215278,0.4
50.57288,1.355453,16213.125,1.6
50.574040000000004,1.355357,16213.1263889,2.1
50.57529,1.355528,16213.1284722,1.1
50.57647,1.356357,16213.130555599999,2.4
50.5779,1.356717,16213.1326389,1.0
50.57905,1.357053,16213.1347222,1.9
50.5801,1.357115,16213.1361111,2.8
50.58125,1.357848,16213.1381944,2.1
50.582190000000004,1.357747,16213.1395833,1.2
50.58293,1.358323,16213.1416667,1.2
50.58294,1.3595700000000002,16213.1444444,8.5
50.57689,1.3578700000000001,16213.1465278,3.0
50.58025,1.359565,16213.1493056,4.5
50.58444,1.360522,16213.150694400001,5.9
50.58745,1.3605770000000001,16213.1527778,8.7
50.57991,1.357575,16213.1548611,8.4
50.575790000000005,1.355037,16213.15625,7.8
50.57501,1.353183,16213.1611111,0.8
50.576209999999996,1.353593,16213.1625,3.2
50.57761,1.35402,16213.1645833,1.1
50.57885,1.354227,16213.166666699999,2.3
50.581759999999996,1.354963,16213.1708333,0.8
50.58481,1.356085,16213.175,3.2
50.58155,1.356263,16213.1777778,7.3
50.575379999999996,1.355888,16213.1798611,7.4
50.57098,1.35463,16213.183333300001,5.7
50.57728,1.356617,16213.1861111,5.1
50.5799,1.35626,16213.1888889,6.0
50.57465,1.352875,16213.1909722,5.8
50.574490000000004,1.35086,16213.1944444,1.8
50.57711,1.3514469999999998,16213.1972222,8.4
50.58493,1.35343,16213.2020833,1.7
50.58331,1.353235,16213.2041667,2.1
50.58136,1.352547,16213.2069444,2.3
50.58008,1.352488,16213.2111111,1.2
50.5799,1.353042,16213.2152778,7.0
50.575829999999996,1.347897,16213.2201389,1.3
50.57676,1.347972,16213.2222222,2.2
50.578829999999996,1.348588,16213.225,2.2
50.58125,1.349382,16213.2284722,1.7
50.583220000000004,1.350057,16213.23125,1.8
50.58449,1.350395,16213.2333333,1.3
50.585640000000005,1.3506879999999999,16213.2347222,2.9
50.58915,1.3512870000000001,16213.2388889,1.2
50.59057,1.351485,16213.240972200001,1.3
50.59196,1.351465,16213.2423611,2.3
50.5931,1.3514620000000002,16213.24375,2.0
50.59517,1.351595,16213.2465278,1.9
50.5898,1.349703,16213.2493056,5.3
50.586729999999996,1.348955,16213.2506944,5.8
50.58362,1.3483319999999999,16213.2520833,5.9
50.580729999999996,1.346668,16213.2534722,5.9
50.57605,1.346065,16213.25625,1.6
50.577220000000004,1.3461450000000001,16213.260416699999,1.9
50.58136,1.347715,16213.2659722,1.7
50.58242,1.3563,16213.2784722,1.8
50.58253,1.3560370000000002,16213.2798611,1.1
50.583090000000006,1.3560450000000002,16213.28125,1.6
50.588190000000004,1.357715,16213.2888889,3.2
50.589240000000004,1.3581299999999998,16213.290277799999,1.9
50.58951,1.360335,16213.2944444,8.0
50.5828,1.35351,16213.2972222,7.3
50.57758,1.348268,16213.2993056,7.3
50.582229999999996,1.35164,16213.3208333,7.6
50.574459999999995,1.352587,16213.3236111,7.6
50.57323,1.352567,16213.326388899999,4.9
50.57963,1.3541379999999998,16213.329861100001,5.0
50.571509999999996,1.349483,16213.3361111,5.8
50.62168,1.393418,16213.3569444,10.1
50.62746,1.4023700000000001,16213.3590278,10.9
50.63595,1.413545,16213.3618056,10.0
50.644,1.42232,16213.3638889,10.8
50.64953,1.4288399999999999,16213.365972200001,10.4
50.65653,1.4394049999999998,16213.3680556,10.6
50.66085,1.4448370000000001,16213.369444400001,9.9
50.666090000000004,1.451782,16213.3715278,10.1
50.6734,1.46169,16213.3736111,11.6
50.67777,1.46736,16213.375,10.6
50.68507,1.4772100000000001,16213.3777778,9.3
50.69122,1.4857870000000002,16213.3798611,9.7
50.69706,1.4942229999999999,16213.3819444,8.2
50.70268,1.503362,16213.384027799999,9.5
50.70945,1.513083,16213.3861111,10.4
50.715090000000004,1.522138,16213.3881944,9.9
50.72184,1.5323229999999999,16213.3902778,9.1
50.72481,1.5369469999999998,16213.3916667,9.9
50.73138,1.547492,16213.3944444,9.2
50.738040000000005,1.55769,16213.3965278,8.8
50.74153,1.567748,16213.3986111,9.1
50.73665,1.572833,16213.4,9.0
50.73303,1.583113,16213.402083300001,8.9
50.730470000000004,1.589345,16213.4034722,7.0
50.72855,1.591608,16213.4048611,4.3
50.72845,1.591083,16213.4097222,2.1
50.72721,1.597798,16213.4111111,6.7
50.72742,1.597485,16214.052083300001,6.0
50.72931,1.592962,16214.053472200001,7.2
50.7326,1.584478,16214.0555556,8.1
50.73551,1.57721,16214.0576389,8.4
50.740559999999995,1.569325,16214.0597222,8.7
50.73491,1.558668,16214.0618056,10.9
50.73185,1.551922,16214.0631944,10.1
50.72276,1.5410620000000002,16214.0659722,10.4
50.71925,1.53404,16214.0673611,10.4
50.70623,1.517025,16214.071527799999,10.1
50.7004,1.5081229999999999,16214.0736111,9.8
50.69488,1.501642,16214.0756944,10.3
50.68951,1.492197,16214.0777778,9.9
50.68128,1.481177,16214.0805556,10.2
50.67393,1.47213,16214.0826389,9.5
50.66751,1.461133,16214.0854167,10.2
50.661390000000004,1.452835,16214.0875,9.7
50.65447,1.446812,16214.089583300001,9.8
50.64777,1.439293,16214.0916667,9.9
50.641490000000005,1.4309479999999999,16214.09375,9.9
50.63496,1.4229129999999999,16214.0958333,10.1
50.62895,1.414137,16214.097916699999,9.9
50.62058,1.40276,16214.1006944,9.8
50.61336,1.392477,16214.102777799999,9.8
50.6092,1.3869770000000001,16214.104166699999,10.0
50.604240000000004,1.379413,16214.10625,10.1
50.595690000000005,1.368585,16214.1090278,10.1
50.58893,1.358128,16214.1152778,1.1
50.58762,1.357243,16214.1173611,1.6
50.58594,1.356653,16214.1201389,1.5
50.58443,1.356167,16214.1222222,1.1
50.58285,1.355397,16214.125,1.9
50.58075,1.356593,16214.1284722,5.9
50.580009999999994,1.357982,16214.13125,1.0
50.57824,1.3569280000000001,16214.134027799999,2.1
50.57615,1.3562049999999999,16214.1375,2.1
50.574329999999996,1.355783,16214.1402778,1.6
50.573209999999996,1.355297,16214.142361100001,1.9
50.570809999999994,1.354472,16214.1465278,1.5
50.570029999999996,1.354668,16214.1486111,1.5
50.57846,1.356118,16214.152083300001,2.7
50.57355,1.35515,16214.1541667,5.8
50.56992,1.3522049999999999,16214.1569444,8.6
50.573479999999996,1.3453620000000002,16214.1583333,3.6
50.57475,1.345725,16214.1625,1.3
50.57666,1.3463100000000001,16214.1659722,1.1
50.57799,1.3465049999999998,16214.1680556,1.3
50.58128,1.347995,16214.1791667,7.7
50.5721,1.34425,16214.181944400001,8.7
50.5743,1.344563,16214.1840278,4.5
50.57934,1.3467850000000001,16214.1868056,4.6
50.57378,1.347438,16214.1923611,3.0
50.581070000000004,1.350543,16214.2055556,2.5
50.58206,1.350375,16214.2069444,0.7
50.58059,1.3493,16214.2118056,8.2
50.57574,1.348455,16214.2138889,7.4
50.57215,1.346543,16214.2159722,5.2
50.57905,1.348737,16214.2194444,5.0
50.58121,1.35053,16214.2222222,7.1
50.57278,1.3488229999999999,16214.225,7.6
50.57263,1.349773,16214.227777799999,1.2
50.573859999999996,1.3503,16214.2298611,1.4
50.57523,1.350647,16214.2319444,1.3
50.57846,1.351483,16214.236111100001,2.0
50.58015,1.351753,16214.2388889,1.7
50.58215,1.352978,16214.2416667,2.4
50.57654,1.350747,16214.24375,7.5
50.5707,1.347915,16214.245833300001,5.9
50.57439,1.349682,16214.2479167,5.8
50.57264,1.356017,16214.25625,8.2
50.56674,1.3554620000000002,16214.259027799999,4.9
50.57315,1.356835,16214.2618056,5.4
50.57694,1.3577219999999999,16214.263888899999,5.7
50.57638,1.355695,16214.2659722,8.0
50.57395,1.352982,16214.2736111,2.0
50.57662,1.353515,16214.277083300001,2.6
50.58214,1.3545399999999999,16214.2840278,2.2
50.57936,1.359402,16214.2895833,5.4
50.57873,1.359042,16214.2923611,1.2
50.58421,1.3609930000000001,16214.3,2.2
50.58652,1.361445,16214.3027778,3.4
50.588229999999996,1.3622049999999999,16214.3048611,2.3
50.62296,1.4018,16214.3159722,11.1
50.63174,1.41147,16214.318055599999,10.0
50.63945,1.4192879999999999,16214.3201389,12.4
50.64763,1.4295129999999998,16214.322916699999,9.9
50.656000000000006,1.439583,16214.325,11.2
50.663109999999996,1.448425,16214.3270833,11.8
50.670429999999996,1.457042,16214.3291667,11.3
50.6793,1.46708,16214.33125,11.1
50.68319,1.471635,16214.3326389,13.0
50.68783,1.477832,16214.3340278,10.4
50.69619,1.487932,16214.3368056,11.2
50.704609999999995,1.497923,16214.3388889,10.6
50.71105,1.5070299999999999,16214.3409722,11.2
50.71713,1.517232,16214.3430556,10.5
50.72367,1.526748,16214.3451389,10.4
50.73131,1.5383120000000001,16214.3472222,12.2
50.737109999999994,1.548578,16214.349305599999,11.1
50.739290000000004,1.554635,16214.3506944,10.4
50.74111,1.568342,16214.352777799999,8.5
50.7357,1.575632,16214.3548611,8.9
50.73264,1.583977,16214.3569444,8.9
50.72974,1.591417,16214.3583333,8.0
50.72612,1.599467,16214.364583300001,2.5
50.72554,1.600015,16216.05,0.5
50.72598,1.5991950000000001,16216.0513889,4.5
50.72858,1.594897,16216.053472200001,6.1
50.73146,1.5871979999999999,16216.0555556,7.5
50.73485,1.57925,16216.0576389,7.1
50.73839,1.57156,16216.0597222,7.4
50.73999,1.565933,16216.0618056,9.3
50.73343,1.555483,16216.0638889,10.4
50.72579,1.5463200000000001,16216.066666699999,9.5
50.71914,1.536022,16216.06875,9.6
50.713770000000004,1.5242950000000002,16216.071527799999,9.8
50.70985,1.515628,16216.072916699999,9.5
50.704809999999995,1.50621,16216.075,9.8
50.6974,1.495077,16216.0777778,9.7
50.69233,1.49282,16216.0791667,9.8
50.68247,1.4786270000000001,16216.0826389,9.8
50.675509999999996,1.4719799999999998,16216.084722200001,9.8
50.668620000000004,1.465292,16216.0868056,9.8
50.66081,1.457082,16216.089583300001,9.7
50.65507,1.448233,16216.0916667,9.7
50.648990000000005,1.440555,16216.09375,9.6
50.64347,1.43136,16216.0958333,9.7
50.63796,1.422202,16216.097916699999,9.7
50.63191,1.4136819999999999,16216.1,9.9
50.62737,1.405827,16216.1013889,10.0
50.62327,1.4004969999999999,16216.102777799999,9.8
50.61987,1.39376,16216.104166699999,10.6
50.61307,1.38638,16216.10625,10.2
50.608540000000005,1.3811930000000001,16216.107638899999,10.2
50.602109999999996,1.372933,16216.1097222,10.2
50.59783,1.365848,16216.1118056,10.3
50.583459999999995,1.3563049999999999,16216.1173611,5.2
50.57983,1.3551600000000001,16216.119444400001,5.3
50.58194,1.348075,16216.1222222,7.4
50.57485,1.347828,16216.1368056,0.7
50.57229,1.346082,16216.1409722,1.6
50.57999,1.347477,16216.1444444,7.7
50.57972,1.347418,16216.1493056,1.8
50.57878,1.348945,16216.165277799999,7.6
50.5729,1.349258,16216.1826389,7.5
50.58084,1.35204,16216.1854167,7.4
50.58226,1.352547,16216.1881944,2.1
50.57113,1.3484120000000002,16216.204861100001,6.8
50.5747,1.351537,16216.20625,7.4
50.5878,1.36119,16216.2111111,7.5
50.59167,1.357545,16216.2138889,1.7
50.587140000000005,1.35581,16216.2166667,5.0
50.57208,1.34365,16216.2263889,5.7
50.58068,1.349382,16216.2333333,5.8
50.58063,1.351992,16216.2416667,4.5
50.57727,1.358355,16216.2506944,3.5
50.57481,1.357948,16216.2576389,1.0
50.57217,1.357238,16216.2618056,1.6
50.57009,1.3567870000000002,16216.2659722,1.5
50.569720000000004,1.356273,16216.2694444,6.2
50.571709999999996,1.356068,16216.2736111,4.2
50.57261,1.356273,16216.275,4.6
50.57393,1.3561379999999998,16216.277083300001,3.7
50.57652,1.356752,16216.28125,1.3
50.57797,1.356948,16216.2840278,0.8
50.58167,1.360067,16216.3236111,5.1
50.60931,1.396475,16216.349305599999,10.3
50.63042,1.4315069999999999,16216.3569444,9.7
50.63624,1.440558,16216.3590278,10.5
50.64077,1.445867,16216.3604167,9.3
50.64625,1.452705,16216.3625,10.0
50.65354,1.462872,16216.364583300001,9.2
50.65825,1.470857,16216.3666667,10.3
50.66437,1.4798799999999999,16216.36875,10.4
50.67185,1.490325,16216.370833300001,10.0
50.6762,1.4960579999999999,16216.3722222,9.8
50.68333,1.504067,16216.3743056,10.4
50.68793,1.5095969999999999,16216.3756944,10.1
50.69592,1.5161950000000002,16216.3777778,10.6
50.704409999999996,1.5223719999999998,16216.3798611,10.2
50.709790000000005,1.526935,16216.38125,11.4
50.71837,1.533432,16216.3833333,10.9
50.727059999999994,1.539865,16216.385416699999,11.3
50.73205,1.545308,16216.3868056,11.6
50.73927,1.554363,16216.388888899999,10.9
50.74224,1.567863,16216.3916667,8.2
50.73619,1.5741049999999999,16216.39375,8.7
50.73243,1.584155,16216.395833300001,9.0
50.72929,1.59142,16216.397222200001,9.1
50.72658,1.599018,16216.400694400001,2.0
50.72654,1.59938,16216.4027778,0.1
50.726420000000005,1.59938,16216.4055556,0.1
50.72703,1.59786,16217.0555556,5.5
50.72977,1.591628,16217.0576389,6.8
50.732890000000005,1.583373,16217.0597222,8.2
50.73722,1.573185,16217.0618056,7.8
50.740809999999996,1.565925,16217.0638889,9.4
50.73709,1.560658,16217.0652778,10.1
50.73109,1.550085,16217.068055599999,9.2
50.72701,1.542137,16217.0694444,8.9
50.72352,1.535957,16217.0708333,9.3
50.7184,1.5275219999999998,16217.072916699999,9.6
50.71244,1.5200870000000002,16217.075,9.7
50.70711,1.5142,16217.0770833,9.3
50.70177,1.508277,16217.0784722,9.5
50.69781,1.50294,16217.079861100001,9.9
50.693659999999994,1.498263,16217.08125,9.2
50.68731,1.491125,16217.083333300001,9.6
50.68159,1.482568,16217.0854167,9.2
50.67617,1.476963,16217.0875,10.5
50.669140000000006,1.46777,16217.089583300001,9.9
50.66449,1.460853,16217.0916667,9.1
50.658390000000004,1.453242,16217.09375,9.9
50.651709999999994,1.4470969999999999,16217.0958333,9.6
50.64762,1.439563,16217.0972222,9.5
50.643440000000005,1.434752,16217.0986111,10.1
50.63739,1.426873,16217.1006944,9.6
50.63349,1.4214069999999999,16217.1020833,9.7
50.629909999999995,1.4156,16217.1034722,9.8
50.62381,1.4079899999999999,16217.1055556,10.2
50.616279999999996,1.39926,16217.1083333,9.2
50.608709999999995,1.3876,16217.111111100001,9.4
50.603190000000005,1.381262,16217.1125,10.1
50.594359999999995,1.3678569999999999,16217.115972200001,9.9
50.588390000000004,1.35391,16217.11875,9.5
50.58155,1.348427,16217.120833300001,4.8
50.581340000000004,1.349797,16217.1243056,0.5
50.58038,1.350003,16217.1263889,1.8
50.57833,1.349772,16217.129166699999,2.0
50.5761,1.348635,16217.1326389,1.3
50.57468,1.3483479999999999,16217.1347222,0.8
50.573609999999995,1.3481049999999999,16217.1361111,1.6
50.57225,1.347533,16217.1381944,1.8
50.5708,1.346837,16217.1402778,1.6
50.57602,1.34794,16217.14375,7.7
50.57751,1.346522,16217.15,2.1
50.57513,1.345717,16217.1534722,1.9
50.57376,1.345168,16217.1555556,2.2
50.57038,1.34351,16217.1597222,2.5
50.56945,1.343557,16217.1611111,2.1
50.58024,1.347867,16217.166666699999,7.6
50.57861,1.345917,16217.16875,5.3
50.573609999999995,1.34399,16217.1708333,5.0
50.56845,1.34215,16217.173611100001,4.8
50.5717,1.349817,16217.191666699999,1.0
50.57047,1.3494469999999998,16217.193055599999,1.7
50.56915,1.349148,16217.1951389,2.7
50.56827,1.349712,16217.197916699999,7.3
50.57615,1.352818,16217.2006944,7.3
50.5861,1.355583,16217.2041667,7.0
50.58976,1.357118,16217.20625,0.6
50.589529999999996,1.3573629999999999,16217.208333300001,1.1
50.58761,1.357367,16217.2111111,1.5
50.58636,1.356858,16217.2125,1.6
50.58468,1.3564450000000001,16217.2152778,1.2
50.583,1.355645,16217.2173611,2.6
50.58157,1.354708,16217.2194444,2.4
50.57778,1.354387,16217.2270833,1.5
50.576440000000005,1.354358,16217.229166699999,2.1
50.57301,1.353505,16217.2340278,2.0
50.57158,1.35332,16217.2354167,0.9
50.570570000000004,1.35294,16217.2368056,1.1
50.56818,1.3518629999999998,16217.240972200001,2.5
50.57479,1.350635,16217.2451389,7.3
50.580740000000006,1.3495030000000001,16217.2465278,7.9
50.57928,1.3489870000000002,16217.25,4.4
50.57676,1.3482370000000001,16217.2513889,4.9
50.57427,1.347333,16217.2527778,4.6
50.57178,1.346323,16217.254166699999,4.7
50.56944,1.345645,16217.255555599999,3.4
50.57394,1.347812,16217.2583333,7.6
50.58116,1.351352,16217.2611111,3.6
50.57673,1.350367,16217.2631944,4.6
50.574090000000005,1.34979,16217.2652778,5.1
50.57966,1.35332,16217.270833300001,5.3
50.573890000000006,1.352135,16217.2736111,5.0
50.56963,1.35114,16217.275694400001,4.8
50.57351,1.353428,16217.2777778,7.6
50.589040000000004,1.355085,16217.2826389,8.4
50.59138,1.35737,16217.2840278,4.4
50.588159999999995,1.355855,16217.2861111,5.4
50.590540000000004,1.359677,16217.2930556,0.0
50.59059,1.359542,16217.2944444,1.6
50.588429999999995,1.358315,16217.2979167,1.8
50.586859999999994,1.357572,16217.3006944,1.2
50.58575,1.357127,16217.302083300001,1.0
50.58406,1.3568149999999999,16217.3055556,2.1
50.5818,1.35579,16217.3104167,2.3
50.58121,1.356118,16217.3118056,0.9
50.58108,1.36025,16217.3194444,1.2
50.58511,1.361583,16217.3256944,1.6
50.58627,1.362085,16217.3277778,0.7
50.58813,1.362463,16217.3305556,1.7
50.584959999999995,1.360142,16217.334722200001,9.2
50.58067,1.35731,16217.3388889,2.4
50.580490000000005,1.35653,16217.3402778,8.0
50.58423,1.35703,16217.3423611,5.7
50.59111,1.357155,16217.3472222,8.4
50.584590000000006,1.353428,16217.349305599999,7.3
50.59239,1.355033,16217.354166699999,4.1
50.62529,1.41896,16217.3673611,11.0
50.635090000000005,1.4350100000000001,16217.370833300001,10.2
50.63942,1.441458,16217.3722222,10.4
50.64371,1.447143,16217.3736111,10.4
50.65105,1.455233,16217.3756944,10.5
50.655570000000004,1.460888,16217.3770833,10.9
50.6628,1.468647,16217.379166699999,10.6
50.67006,1.476658,16217.38125,10.3
50.67745,1.4840950000000002,16217.3833333,10.9
50.68235,1.489028,16217.3847222,11.1
50.69075,1.498712,16217.3875,9.8
50.69791,1.506758,16217.3895833,9.9
50.70534,1.5147680000000001,16217.3916667,10.5
50.71305,1.522802,16217.39375,11.2
50.7219,1.532218,16217.395833300001,11.6
50.72975,1.540798,16217.3979167,11.2
50.73803,1.552167,16217.400694400001,10.9
50.74296,1.566285,16217.4027778,9.4
50.73738,1.572983,16217.4048611,9.1
50.73257,1.584215,16217.4076389,8.9
50.72883,1.594298,16217.4097222,8.7
50.72589,1.5996219999999999,16217.4111111,3.9
50.725770000000004,1.59992,16217.4131944,0.1
50.72573,1.599823,16217.4159722,2.2
50.724790000000006,1.600617,16217.4173611,0.1
50.724759999999996,1.600565,16218.048611100001,0.3
50.72501,1.600115,16218.0506944,1.9
50.72755,1.597467,16218.052083300001,6.6
50.72956,1.592562,16218.053472200001,6.7
50.73259,1.584498,16218.0555556,7.6
50.73603,1.576035,16218.0576389,8.0
50.74109,1.56916,16218.0597222,8.3
50.74009,1.5620120000000002,16218.0611111,8.8
50.73655,1.5546149999999999,16218.0631944,8.7
50.73057,1.545548,16218.0652778,7.8
50.72521,1.538247,16218.0673611,8.9
50.72027,1.530468,16218.0694444,8.8
50.71515,1.5226030000000002,16218.071527799999,9.9
50.70944,1.515962,16218.0736111,9.6
50.704879999999996,1.506843,16218.0756944,9.2
50.70088,1.5025950000000001,16218.0770833,8.4
50.695040000000006,1.4953370000000001,16218.0791667,9.4
50.68942,1.48742,16218.08125,9.1
50.6857,1.482313,16218.0826389,8.7
50.68,1.47502,16218.084722200001,9.2
50.67432,1.465122,16218.0875,9.7
50.66887,1.45767,16218.089583300001,8.7
50.662459999999996,1.448593,16218.0916667,8.7
50.657740000000004,1.4423030000000001,16218.09375,9.4
50.6506,1.4314870000000002,16218.0965278,9.2
50.64477,1.424125,16218.0986111,9.0
50.638259999999995,1.414807,16218.1006944,9.2
50.6281,1.403245,16218.104166699999,9.3
50.62231,1.395612,16218.10625,9.1
50.61568,1.386535,16218.1090278,9.6
50.60657,1.375485,16218.1118056,9.1
50.59815,1.365905,16218.114583300001,9.2
50.59174,1.3586129999999998,16218.1166667,8.9
50.587790000000005,1.353992,16218.1180556,9.3
50.58182,1.34654,16218.1201389,10.0
50.57744,1.344845,16218.1222222,0.3
50.5773,1.345215,16218.1243056,1.5
50.57642,1.344257,16218.1256944,2.3
50.57562,1.343693,16218.1277778,1.8
50.57405,1.342878,16218.130555599999,1.0
50.572379999999995,1.342148,16218.1333333,1.6
50.571090000000005,1.3416629999999998,16218.1347222,1.0
50.568979999999996,1.3409149999999999,16218.138888899999,1.9
50.567840000000004,1.340555,16218.1402778,0.8
50.56765,1.34185,16218.142361100001,7.6
50.57163,1.3451469999999999,16218.1444444,8.7
50.579209999999996,1.34861,16218.1465278,2.7
50.57971,1.349017,16218.1486111,0.8
50.57849,1.348985,16218.150694400001,1.6
50.57758,1.348292,16218.152083300001,1.7
50.57673,1.3478450000000002,16218.1534722,1.5
50.575829999999996,1.347318,16218.1548611,1.8
50.57431,1.346545,16218.1576389,1.3
50.57335,1.346407,16218.1590278,2.1
50.57178,1.345875,16218.161805599999,2.4
50.57063,1.345565,16218.1631944,1.7
50.56946,1.34507,16218.165277799999,3.1
50.5694,1.3458430000000001,16218.1673611,8.2
50.57594,1.34734,16218.1694444,8.6
50.580659999999995,1.3471629999999999,16218.1715278,3.7
50.57465,1.344363,16218.175,5.6
50.571220000000004,1.343015,16218.1763889,4.9
50.56862,1.3419,16218.1777778,3.9
50.573370000000004,1.3465770000000001,16218.1805556,7.5
50.5798,1.351063,16218.1840278,1.3
50.57907,1.350947,16218.1854167,1.9
50.578,1.350703,16218.1868056,2.1
50.57714,1.350482,16218.1881944,1.1
50.57545,1.350127,16218.1909722,1.7
50.574329999999996,1.3498299999999999,16218.1923611,1.6
50.57263,1.349407,16218.1951389,2.0
50.57077,1.349043,16218.197916699999,1.9
50.57053,1.349227,16218.2006944,7.2
50.586909999999996,1.356385,16218.20625,7.9
50.590709999999994,1.35731,16218.2090278,2.6
50.59005,1.357383,16218.2111111,1.7
50.588440000000006,1.357293,16218.213194400001,1.4
50.58718,1.356837,16218.214583300001,2.1
50.58603,1.356308,16218.2166667,1.7
50.583890000000004,1.355542,16218.2194444,1.5
50.582809999999995,1.355097,16218.2208333,2.1
50.58181,1.35459,16218.2222222,2.2
50.57994,1.353925,16218.225,1.3
50.57907,1.35369,16218.2263889,2.0
50.5787,1.3531870000000001,16218.2298611,1.4
50.57849,1.353027,16218.2319444,1.6
50.577459999999995,1.352848,16218.2333333,2.3
50.5765,1.3527049999999998,16218.2347222,1.5
50.57528,1.352608,16218.2368056,2.4
50.57339,1.352277,16218.239583300001,1.9
50.57162,1.351947,16218.2416667,1.6
50.57083,1.35176,16218.2430556,1.5
50.56946,1.351452,16218.2451389,1.7
50.569559999999996,1.351337,16218.2472222,8.1
50.57911,1.3562020000000001,16218.2506944,6.8
50.58289,1.357967,16218.2520833,7.3
50.58698,1.359048,16218.2534722,7.0
50.59069,1.35981,16218.2548611,3.6
50.58959,1.359337,16218.2576389,0.7
50.5884,1.3590229999999999,16218.2597222,1.6
50.590109999999996,1.359797,16218.2625,3.3
50.5911,1.3600370000000002,16218.263888899999,1.8
50.59059,1.359625,16218.2652778,1.3
50.589490000000005,1.359218,16218.267361100001,2.9
50.58802,1.358647,16218.2694444,1.3
50.58589,1.3578620000000001,16218.272222200001,2.0
50.58435,1.357402,16218.2743056,1.3
50.58323,1.35684,16218.275694400001,2.4
50.582159999999995,1.356443,16218.277083300001,2.6
50.581070000000004,1.35594,16218.2784722,1.3
50.57954,1.355623,16218.2805556,1.3
50.58124,1.351215,16218.2819444,8.0
50.58048,1.3492680000000001,16218.2833333,4.9
50.577040000000004,1.348083,16218.285416699999,4.8
50.573570000000004,1.347125,16218.286805599999,4.9
50.5695,1.34578,16218.2888889,5.1
50.56888,1.3465770000000001,16218.290277799999,7.5
50.57501,1.3498,16218.2923611,8.3
50.58081,1.351438,16218.2944444,2.8
50.57658,1.3503319999999999,16218.2972222,4.5
50.56975,1.3488950000000002,16218.3006944,4.6
50.57075,1.350883,16218.302083300001,8.8
50.57493,1.3532950000000001,16218.303472200001,8.1
50.57837,1.353007,16218.30625,5.0
50.57584,1.3526129999999998,16218.3076389,4.7
50.57139,1.3533,16218.3118056,8.5
50.57804,1.3563180000000001,16218.3138889,8.6
50.5826,1.358175,16218.3152778,8.1
50.58717,1.359532,16218.316666699999,9.6
50.59113,1.36004,16218.31875,3.8
50.58447,1.357643,16218.321527799999,5.9
50.584379999999996,1.356203,16218.3256944,8.3
50.59131,1.357967,16218.3277778,5.7
50.58614,1.355642,16218.3305556,5.9
50.58215,1.356582,16218.333333300001,7.7
50.59738,1.386185,16218.3402778,9.3
50.60568,1.40209,16218.34375,9.0
50.613170000000004,1.413145,16218.3465278,9.3
50.62023,1.421948,16218.3486111,9.0
50.62437,1.426935,16218.35,9.7
50.62854,1.431737,16218.3513889,9.5
50.63505,1.438532,16218.3534722,10.5
50.6414,1.446153,16218.3555556,9.6
50.64781,1.453973,16218.357638899999,9.4
50.65198,1.45904,16218.3590278,9.6
50.65909,1.468583,16218.3618056,9.1
50.66587,1.47886,16218.3638889,9.1
50.67201,1.487455,16218.365972200001,9.7
50.67731,1.4973299999999998,16218.3680556,9.8
50.6813,1.502715,16218.369444400001,9.6
50.68827,1.5103469999999999,16218.3715278,10.0
50.69275,1.515842,16218.3729167,10.0
50.70005,1.5232,16218.375,10.9
50.70725,1.53129,16218.3770833,10.4
50.71482,1.538598,16218.379166699999,10.7
50.72254,1.546067,16218.38125,11.1
50.73055,1.553382,16218.3833333,10.9
50.735820000000004,1.558517,16218.3847222,11.8
50.741479999999996,1.568643,16218.3868056,9.4
50.73441,1.5791950000000001,16218.3895833,8.8
50.730109999999996,1.590932,16218.392361100001,8.1
50.72549,1.600047,16219.0465278,0.2
50.7255,1.5998729999999999,16219.0479167,0.6
50.72808,1.5963180000000001,16219.05,6.0
50.73106,1.588732,16219.052083300001,7.8
50.73393,1.581453,16219.053472200001,7.5
50.73903,1.5725870000000002,16219.05625,7.8
50.73916,1.5642969999999998,16219.058333300001,8.5
50.7334,1.5560100000000001,16219.0604167,8.1
50.731190000000005,1.550122,16219.0618056,8.9
50.72755,1.543582,16219.0638889,7.7
50.72215,1.53502,16219.0659722,8.5
50.71915,1.5300200000000002,16219.0673611,7.8
50.714290000000005,1.52278,16219.0694444,8.6
50.7091,1.516108,16219.071527799999,7.6
50.70337,1.507015,16219.0743056,9.0
50.69695,1.4993450000000001,16219.076388899999,7.9
50.69198,1.494622,16219.0784722,8.5
50.68622,1.4882870000000001,16219.0805556,8.2
50.68095,1.480902,16219.0826389,8.6
50.67682,1.4748,16219.0840278,8.2
50.67147,1.467533,16219.0861111,8.3
50.66794,1.4630049999999999,16219.0875,8.1
50.66233,1.4567620000000001,16219.089583300001,8.5
50.659040000000005,1.447382,16219.0916667,8.6
50.65477,1.439403,16219.09375,9.0
50.65005,1.431553,16219.0958333,8.6
50.636990000000004,1.421548,16219.1006944,8.2
50.63353,1.4139030000000001,16219.1020833,8.8
50.62943,1.407223,16219.104166699999,8.4
50.62318,1.401825,16219.10625,9.1
50.61887,1.395492,16219.107638899999,8.7
50.61423,1.3895030000000002,16219.1097222,8.4
50.60693,1.382875,16219.1118056,8.8
50.602920000000005,1.3784450000000001,16219.1131944,8.4
50.59903,1.374055,16219.114583300001,8.8
50.5886,1.360325,16219.11875,8.7
50.584340000000005,1.3532549999999999,16219.1201389,9.1
50.58164,1.347012,16219.1215278,8.9
50.57895,1.3454,16219.1236111,2.2
50.57849,1.345685,16219.125,1.5
50.57725,1.344277,16219.1270833,1.7
50.57632,1.343648,16219.1284722,1.4
50.57567,1.343313,16219.1298611,1.4
50.57311,1.3419299999999998,16219.1347222,1.7
50.57115,1.3412549999999999,16219.1375,0.6
50.56966,1.3406,16219.1402778,1.7
50.56863,1.3404399999999999,16219.1430556,0.7
50.57049,1.34317,16219.1451389,8.6
50.57582,1.347583,16219.147222200001,8.7
50.57873,1.348873,16219.150694400001,0.6
50.57563,1.346837,16219.1555556,1.9
50.57445,1.346602,16219.1569444,1.7
50.5731,1.3462120000000002,16219.1590278,1.8
50.56961,1.3452030000000001,16219.1645833,1.6
50.56801,1.344702,16219.1673611,1.2
50.571909999999995,1.34535,16219.1694444,8.9
50.579840000000004,1.348135,16219.1722222,8.6
50.57853,1.346185,16219.1743056,5.4
50.57431,1.344663,16219.1763889,5.2
50.57564,1.347747,16219.18125,8.2
50.57816,1.350745,16219.1854167,2.4
50.575829999999996,1.349267,16219.1888889,1.8
50.57172,1.348948,16219.1951389,1.6
50.57069,1.3487870000000002,16219.196527799999,1.5
50.56944,1.348368,16219.1986111,0.8
50.56945,1.3477629999999998,16219.2006944,8.4
50.57393,1.3486850000000001,16219.2020833,8.6
50.58057,1.349215,16219.204861100001,3.8
50.57372,1.347373,16219.208333300001,4.3
50.568709999999996,1.345542,16219.2111111,4.0
50.56998,1.3479729999999999,16219.213194400001,8.0
50.57613,1.351842,16219.2152778,8.2
50.581559999999996,1.351905,16219.2180556,3.7
50.57622,1.3504180000000001,16219.2208333,4.7
50.57366,1.34986,16219.2222222,4.4
50.57127,1.3517370000000002,16219.2263889,8.3
50.57515,1.3545049999999998,16219.227777799999,7.6
50.58895,1.359693,16219.2368056,1.5
50.58807,1.359385,16219.2381944,1.4
50.587070000000004,1.358962,16219.239583300001,1.6
50.58605,1.35853,16219.240972200001,2.3
50.58465,1.3582450000000001,16219.2430556,2.3
50.58375,1.358055,16219.244444400001,2.2
50.58285,1.357522,16219.245833300001,2.0
50.579840000000004,1.35589,16219.2506944,2.6
50.578959999999995,1.353568,16219.254166699999,1.4
50.577290000000005,1.352753,16219.2569444,1.7
50.57571,1.3521969999999999,16219.259027799999,2.0
50.57311,1.351907,16219.2625,2.0
50.56882,1.350492,16219.2701389,5.1
50.57275,1.351705,16219.2715278,6.9
50.57678,1.35111,16219.2729167,7.4
50.58234,1.35352,16219.275,7.5
50.58979,1.357265,16219.2777778,3.0
50.59024,1.357623,16219.2798611,0.8
50.58847,1.357172,16219.2833333,2.3
50.58635,1.356098,16219.2861111,1.0
50.58559,1.355742,16219.2875,1.0
50.58432,1.355245,16219.2895833,2.0
50.58302,1.354765,16219.2909722,2.0
50.58197,1.354493,16219.2923611,1.8
50.58095,1.3539219999999998,16219.2944444,2.0
50.58575,1.353842,16219.2972222,7.2
50.5898,1.355497,16219.3041667,7.4
50.59033,1.35481,16219.3097222,3.3
50.58822,1.3536700000000002,16219.3125,1.7
50.58538,1.352402,16219.316666699999,1.5
50.58444,1.3519299999999999,16219.318055599999,1.6
50.58377,1.351573,16219.3194444,1.4
50.58313,1.351313,16219.3208333,1.6
50.58251,1.3511819999999999,16219.3222222,0.7
50.58187,1.350903,16219.3236111,1.2
50.58088,1.350423,16219.3256944,1.4
50.58011,1.350128,16219.3277778,3.5
50.579209999999996,1.349913,16219.3305556,1.8
50.57853,1.349545,16219.3319444,1.1
50.57905,1.3534030000000001,16219.3340278,5.2
50.57594,1.352783,16219.3354167,5.8
50.57201,1.3523180000000001,16219.3375,5.7
50.56973,1.3531870000000001,16219.3402778,7.4
50.57754,1.355682,16219.3423611,7.8
50.58549,1.3569579999999999,16219.3451389,8.7
50.59298,1.3582370000000001,16219.3472222,3.5
50.58952,1.3573950000000001,16219.349305599999,5.4
50.58435,1.355393,16219.3513889,4.5
50.58347,1.356152,16219.3534722,8.0
50.59015,1.360288,16219.3555556,8.2
50.59021,1.3598700000000001,16219.357638899999,5.4
50.58205,1.360177,16219.3631944,5.5
50.586420000000004,1.36162,16219.3652778,6.1
50.59196,1.365132,16219.3673611,8.5
50.60013,1.371092,16219.3701389,9.2
50.60848,1.376403,16219.3722222,9.1
50.61315,1.3835680000000001,16219.3743056,9.1
50.6211,1.399815,16219.3777778,10.3
50.63037,1.413462,16219.38125,9.5
50.63787,1.4249129999999999,16219.384027799999,9.4
50.643370000000004,1.433607,16219.3861111,9.1
50.64972,1.440818,16219.3881944,9.1
50.65753,1.451912,16219.3909722,10.0
50.66325,1.460587,16219.3930556,9.6
50.66925,1.469143,16219.3951389,8.8
50.67613,1.4790379999999999,16219.397222200001,9.3
50.68374,1.488222,16219.4,9.9
50.691790000000005,1.496783,16219.402083300001,9.5
50.698029999999996,1.505458,16219.4041667,10.9
50.704840000000004,1.513907,16219.40625,9.7
50.71128,1.523295,16219.4083333,10.6
50.72017,1.532055,16219.4111111,10.4
50.72749,1.5406950000000001,16219.4131944,11.7
50.73672,1.5527600000000001,16219.4159722,11.4
50.74203,1.5647,16219.4180556,11.0
50.738170000000004,1.573687,16219.420138899999,9.3
50.73301,1.5827579999999999,16219.4222222,8.9
50.72979,1.5909950000000002,16219.423611100001,8.4
50.72677,1.598258,16219.4256944,4.4
50.7253,1.6002399999999999,16219.4277778,0.0
50.72503,1.6004180000000001,16219.43125,1.0
50.72504,1.600423,16219.4326389,0.0
50.725,1.600402,16220.0458333,0.2
50.727090000000004,1.597913,16220.0479167,5.4
50.730090000000004,1.59074,16220.05,7.6
50.73359,1.58152,16220.052083300001,8.8
50.73757,1.573992,16220.0541667,8.8
50.73946,1.5642530000000001,16220.05625,7.9
50.734770000000005,1.557735,16220.058333300001,7.2
50.72997,1.551827,16220.0604167,7.7
50.72738,1.54716,16220.0618056,7.8
50.72341,1.53946,16220.0638889,7.4
50.71867,1.53272,16220.0659722,7.9
50.71457,1.52742,16220.068055599999,7.7
50.70933,1.518718,16220.0701389,7.8
50.70527,1.512622,16220.0722222,8.4
50.6982,1.504702,16220.075,8.7
50.69373,1.496975,16220.0770833,7.9
50.68848,1.490457,16220.0791667,8.6
50.68427,1.4849780000000001,16220.0805556,8.3
50.68138,1.4798930000000001,16220.0819444,8.1
50.67805,1.475033,16220.083333300001,8.4
50.676809999999996,1.4680819999999999,16220.084722200001,8.2
50.67237,1.460283,16220.0868056,8.6
50.66689,1.45611,16220.0888889,8.7
50.65656,1.444965,16220.0930556,8.5
50.65333,1.4399950000000001,16220.0944444,8.1
50.64785,1.431338,16220.0972222,8.4
50.643609999999995,1.423297,16220.099305599999,8.1
50.63704,1.4181979999999998,16220.1013889,8.3
50.63055,1.411073,16220.104166699999,8.4
50.62577,1.4066530000000002,16220.1055556,8.5
50.620459999999994,1.399648,16220.107638899999,8.9
50.61827,1.39396,16220.1090278,8.8
50.61453,1.3898700000000002,16220.1104167,8.4
50.59892,1.373392,16220.115972200001,8.8
50.58927,1.3616219999999999,16220.119444400001,8.5
50.578,1.347612,16220.1236111,9.2
50.5715,1.34209,16220.1263889,1.1
50.57076,1.341908,16220.1277778,4.8
50.57112,1.342865,16220.130555599999,1.5
50.57989,1.346362,16220.147222200001,2.4
50.57767,1.347885,16220.150694400001,2.2
50.57675,1.347112,16220.152083300001,1.8
50.57604,1.346323,16220.1534722,1.6
50.575070000000004,1.345777,16220.1548611,1.7
50.572590000000005,1.34618,16220.1590278,2.1
50.56985,1.345113,16220.1631944,2.1
50.56905,1.345927,16220.170138899999,8.7
50.57845,1.348247,16220.1729167,8.9
50.58416,1.3482129999999999,16220.175,4.1
50.57945,1.346503,16220.177083300001,4.8
50.57615,1.345553,16220.1791667,4.9
50.5762,1.3497270000000001,16220.1875,1.7
50.57185,1.3484,16220.1944444,1.8
50.56835,1.3473899999999999,16220.2006944,8.7
50.57396,1.347605,16220.2027778,8.2
50.5827,1.3505969999999998,16220.2055556,8.1
50.58081,1.3494270000000002,16220.2076389,5.4
50.57666,1.348067,16220.209722200001,5.1
50.57178,1.346395,16220.2118056,5.2
50.57441,1.349067,16220.2138889,8.0
50.58397,1.352093,16220.21875,2.3
50.58027,1.35109,16220.2215278,5.2
50.57438,1.349483,16220.224305599999,5.5
50.57454,1.351585,16220.2263889,8.1
50.579840000000004,1.353528,16220.2506944,1.9
50.58517,1.3602020000000001,16220.2819444,2.2
50.58227,1.3585200000000002,16220.285416699999,2.8
50.588029999999996,1.362855,16220.2895833,8.2
50.58059,1.355955,16220.308333300001,3.4
50.5808,1.353702,16220.329861100001,5.1
50.57418,1.352585,16220.333333300001,5.5
50.569759999999995,1.351717,16220.3354167,5.7
50.578590000000005,1.355958,16220.3444444,4.1
50.57502,1.355323,16220.3465278,5.1
50.56993,1.354082,16220.3486111,5.1
50.56991,1.353682,16220.3506944,0.9
50.59297,1.359,16220.3590278,2.1
50.58786,1.356608,16220.3618056,5.3
50.58299,1.3549579999999999,16220.3638889,4.8
50.59057,1.359955,16220.369444400001,3.6
50.586420000000004,1.358747,16220.3715278,5.1
50.58232,1.3573030000000001,16220.3736111,5.5
50.64045,1.5242200000000001,16220.410416699999,9.6
50.64694,1.5269780000000002,16220.411805599999,10.0
50.65501,1.529858,16220.4138889,9.9
50.66328,1.532938,16220.4159722,10.3
50.66851,1.5353700000000001,16220.4173611,9.7
50.67661,1.5388030000000001,16220.4194444,10.2
50.68206,1.540615,16220.4208333,10.3
50.69045,1.5435370000000002,16220.4229167,10.5
50.696059999999996,1.545775,16220.4243056,10.9
50.70471,1.548682,16220.4263889,10.7
50.71346,1.552125,16220.428472200001,10.8
50.71945,1.55472,16220.4298611,11.0
50.72521,1.5572700000000002,16220.43125,11.0
50.73429,1.561697,16220.433333300001,11.7
50.740109999999994,1.5652780000000002,16220.4347222,11.6
50.73923,1.5705930000000001,16220.4361111,8.5
50.73428,1.57881,16220.4381944,8.9
50.73056,1.589407,16220.4402778,9.0
50.72824,1.596048,16220.441666699999,8.7
50.725,1.600427,16220.4618056,0.0
50.72501,1.600428,16220.4763889,0.0
50.72503,1.600432,16220.505555599999,0.0
50.72502,1.600452,16220.522222200001,0.0
50.72505,1.600468,16220.536805599999,0.0
50.72503,1.6004479999999999,16220.5513889,0.0
50.725,1.600455,16220.5659722,0.0
50.72503,1.6004479999999999,16220.5951389,0.0
50.72502,1.6004450000000001,16220.6243056,0.0
50.72505,1.6004180000000001,16220.6555556,0.0
50.72503,1.6003379999999998,16220.670138899999,0.0
50.725,1.600357,16220.6847222,0.0
50.72502,1.600385,16220.6993056,0.0
50.72502,1.600393,16220.7138889,0.0
50.72501,1.600408,16220.732638899999,0.0
50.72502,1.60043,16220.763888899999,0.0
50.724990000000005,1.600432,16220.7784722,0.0
50.72505,1.600438,16220.7930556,0.0
50.72503,1.600447,16220.8222222,0.0
50.72498,1.6004,16220.8368056,0.0
50.72501,1.6004399999999999,16220.8701389,0.0
50.72501,1.600435,16220.8868056,0.0
50.72507,1.600455,16220.9013889,0.0
50.72505,1.6004530000000001,16220.9159722,0.0
50.72507,1.600443,16220.93125,0.0
50.72505,1.600455,16220.9493056,0.0
50.72502,1.600435,16220.9847222,0.0
50.72502,1.600422,16220.9993056,0.0
50.72503,1.600417,16221.013888899999,0.0
50.724990000000005,1.6004049999999999,16221.0284722,0.0
50.72497,1.600378,16221.045138899999,0.0
50.72498,1.600265,16221.052083300001,2.1
50.72902,1.59392,16221.0548611,6.3
50.73243,1.5847229999999999,16221.056944400001,7.3
50.735690000000005,1.576708,16221.0590278,7.7
50.73955,1.570403,16221.0611111,8.5
50.73823,1.561342,16221.0631944,7.6
50.7339,1.554722,16221.0652778,7.2
50.730090000000004,1.5494620000000001,16221.0673611,7.1
50.72528,1.5434,16221.0694444,7.5
50.720459999999996,1.5374,16221.071527799999,7.3
50.71638,1.533272,16221.072916699999,7.9
50.7132,1.528968,16221.0743056,7.9
50.70939,1.523242,16221.076388899999,8.6
50.70267,1.515095,16221.0791667,8.2
50.69318,1.501093,16221.083333300001,8.1
50.68932,1.494552,16221.084722200001,8.2
50.68501,1.4891379999999999,16221.0868056,7.9
50.6781,1.4807549999999998,16221.089583300001,8.3
50.67255,1.47211,16221.0916667,8.0
50.66717,1.463535,16221.0944444,8.0
50.6625,1.456553,16221.0965278,7.8
50.65798,1.4520870000000001,16221.097916699999,7.8
50.65189,1.444603,16221.1006944,8.0
50.64683,1.437922,16221.102777799999,8.4
50.64156,1.431808,16221.1048611,7.7
50.63281,1.421468,16221.1083333,7.6
50.62259,1.408005,16221.1118056,8.4
50.61475,1.397577,16221.1152778,8.2
50.60954,1.390768,16221.1173611,8.7
50.60502,1.38524,16221.119444400001,8.3
50.58671,1.363215,16221.1256944,8.7
50.58333,1.3579219999999999,16221.1270833,8.8
50.57983,1.352558,16221.1284722,9.0
50.576840000000004,1.346582,16221.1298611,9.0
50.57374,1.344408,16221.1319444,1.5
50.58209,1.349107,16221.1548611,0.8
50.57808,1.3472549999999999,16221.161805599999,2.0
50.57633,1.347418,16221.1645833,2.2
50.5736,1.346363,16221.16875,2.1
50.57158,1.345127,16221.1729167,1.1
50.58453,1.348507,16221.1805556,3.0
50.57651,1.345497,16221.1847222,5.3
50.58062,1.350133,16221.193055599999,1.5
50.5784,1.349828,16221.196527799999,1.8
50.576159999999994,1.349148,16221.2,1.9
50.57456,1.348385,16221.2027778,2.2
50.583490000000005,1.349813,16221.2111111,3.4
50.574909999999996,1.347228,16221.2152778,5.2
50.58282,1.351868,16221.2416667,4.2
50.57585,1.35015,16221.2451389,5.2
50.57802,1.355583,16221.25,1.4
50.57744,1.355723,16221.2520833,1.3
50.5685,1.352665,16221.2652778,5.4
50.57416,1.353202,16221.267361100001,7.5
50.58032,1.3544,16221.2694444,7.9
50.573640000000005,1.352552,16221.2729167,5.5
50.57394,1.35448,16221.2784722,7.1
50.577890000000004,1.35571,16221.2798611,6.8
50.57751,1.35568,16221.2819444,5.6
50.57561,1.355818,16221.2881944,7.7
50.58183,1.3559780000000001,16221.290277799999,7.9
50.59088,1.357955,16221.2944444,0.4
50.58696,1.358873,16221.3145833,7.3
50.589459999999995,1.371043,16221.3388889,6.6
50.61292,1.4430120000000002,16221.35625,8.1
50.61649,1.453727,16221.3583333,8.0
50.62011,1.462178,16221.3604167,7.6
50.6242,1.472467,16221.3631944,7.9
50.629129999999996,1.481423,16221.3652778,8.0
50.63329,1.490225,16221.3673611,8.2
50.63831,1.4976,16221.369444400001,8.5
50.64458,1.505558,16221.3715278,7.8
50.647490000000005,1.508247,16221.3729167,8.4
50.653909999999996,1.515255,16221.3756944,7.9
50.66255,1.523258,16221.3784722,8.1
50.66855,1.5286,16221.380555599999,7.9
50.67566,1.533613,16221.3826389,7.8
50.67967,1.5366030000000002,16221.384027799999,8.2
50.686840000000004,1.5414700000000001,16221.3868056,7.9
50.693329999999996,1.544297,16221.388888899999,8.3
50.69998,1.54667,16221.3909722,8.3
50.70655,1.549175,16221.3930556,8.0
50.713229999999996,1.55221,16221.3951389,8.1
50.720040000000004,1.5554649999999999,16221.397222200001,8.5
50.72684,1.558043,16221.3993056,8.7
50.736090000000004,1.56151,16221.402083300001,8.4
50.74038,1.569148,16221.4041667,10.6
50.73464,1.578092,16221.40625,9.3
50.731159999999996,1.587148,16221.4083333,10.0
50.7284,1.591077,16221.4111111,0.0
50.72842,1.591098,16221.415277799999,2.3
50.72633,1.598957,16221.4180556,2.4
50.72607,1.599317,16221.420138899999,2.3
50.72613,1.599535,16221.4215278,0.5
50.72615,1.599658,16221.4229167,0.0
50.72615,1.599497,16221.4263889,2.3
50.72555,1.599995,16221.4277778,0.0
