lat,long,time,speed
36.22661,14.4585,16201.0916667,21.4
37.81128,16.91054,16201.4097222,3.5
37.77132,16.89035,16201.4402778,3.1
37.57723,16.64036,16201.665277799999,6.1
37.57413,16.63707,16201.6673611,5.9
37.57062,16.63079,16201.6694444,5.9
37.55706,16.60143,16201.6805556,5.6
37.50105,16.46886,16201.8583333,2.0
37.50284,16.47,16201.8701389,3.6
37.5013,16.47383,16201.8722222,6.2
37.52171,16.51622,16201.8861111,9.3
37.52537,16.52074,16201.8875,9.0
37.540620000000004,16.53902,16201.8930556,9.2
37.547270000000005,16.54692,16201.895833300001,9.3
37.55372,16.55463,16201.8979167,9.2
37.55935,16.56138,16201.9,8.8
37.56919,16.5728,16201.9034722,9.6
37.57419,16.57881,16201.9055556,9.5
37.57824,16.583679999999998,16201.9069444,8.9
37.58446,16.591070000000002,16201.9097222,9.5
37.59046,16.598129999999998,16201.911805599999,9.3
37.5976,16.60645,16201.9138889,9.8
37.6043,16.61315,16201.916666699999,9.2
37.61141,16.617720000000002,16201.91875,8.7
37.617909999999995,16.625420000000002,16201.9208333,10.9
37.62399,16.63283,16201.9229167,9.6
37.6272,16.63673,16201.9243056,9.8
37.63305,16.64357,16201.9263889,9.5
37.63968,16.65203,16201.9291667,9.3
37.6454,16.65907,16201.93125,10.2
37.65164,16.66681,16201.933333300001,10.1
37.65781,16.67409,16201.9354167,9.7
37.66389,16.68171,16201.9375,9.0
37.6705,16.68881,16201.9402778,9.2
37.67667,16.695629999999998,16201.9423611,9.7
37.6823,16.70273,16201.9444444,9.7
37.68847,16.71071,16201.946527799999,8.8
37.694109999999995,16.717779999999998,16201.9486111,8.6
37.69985,16.72498,16201.9506944,9.6
37.705459999999995,16.73218,16201.9527778,9.0
37.7114,16.739810000000002,16201.954861100001,8.9
37.71723,16.746920000000003,16201.9569444,9.4
37.72333,16.755,16201.959722200001,10.1
37.7297,16.76308,16201.9618056,9.8
37.73592,16.77111,16201.9638889,10.4
37.74191,16.77873,16201.9659722,9.1
37.74747,16.78601,16201.9680556,8.7
37.75052,16.789920000000002,16201.9694444,9.2
37.7565,16.79746,16201.9715278,10.0
37.76265,16.80552,16201.974305599999,9.8
37.76851,16.81314,16201.9763889,9.4
37.77547,16.82236,16201.979166699999,9.1
37.782579999999996,16.830679999999997,16201.98125,9.4
37.79023,16.83908,16201.9840278,9.5
37.79588,16.84512,16201.9868056,9.0
37.70756,16.83735,16203.4666667,1.4
37.70543,16.835820000000002,16203.46875,5.7
37.69928,16.830289999999998,16203.4715278,7.1
37.69455,16.82682,16203.474305599999,4.5
37.69245,16.825120000000002,16203.4756944,2.8
37.67233,16.80438,16203.4868056,5.5
37.66733,16.80051,16203.489583300001,5.9
37.66095,16.79494,16203.49375,5.8
37.159620000000004,15.95386,16211.5111111,8.5
37.14906,15.97039,16211.5166667,8.3
37.13438,15.983139999999999,16211.522222200001,8.0
37.1097,16.02297,16211.5347222,7.9
37.10519,16.03047,16211.5375,8.1
37.102090000000004,16.03575,16211.5388889,7.9
37.09768,16.04329,16211.5409722,8.3
37.095040000000004,16.04791,16211.5423611,7.9
37.09268,16.05206,16211.54375,7.8
37.08859,16.05935,16211.5458333,7.8
37.08469,16.06631,16211.5479167,8.2
37.08252,16.0702,16211.5493056,8.2
37.07812,16.078110000000002,16211.5513889,7.9
37.07374,16.08595,16211.5541667,8.4
37.0698,16.09306,16211.55625,8.1
37.06605,16.09981,16211.5576389,8.1
37.06386,16.10376,16211.5590278,7.9
36.786970000000004,16.610570000000003,16211.7041667,9.2
36.78346,16.61647,16211.70625,8.7
36.633390000000006,16.86971,16211.775,9.2
36.61926,16.89385,16211.78125,9.3
36.615629999999996,16.90006,16211.7826389,9.1
36.6116,16.90695,16211.7847222,9.2
36.60774,16.91357,16211.7861111,9.4
36.60365,16.92057,16211.7881944,9.4
36.59758,16.93115,16211.7909722,9.5
36.59349,16.938270000000003,16211.7930556,9.5
36.522909999999996,17.05977,16211.8243056,9.5
36.51462,17.07378,16211.8284722,9.0
36.50891,17.08335,16211.8305556,9.4
36.50611,17.088070000000002,16211.8319444,9.7
36.50294,17.093339999999998,16211.833333300001,9.7
36.49955,17.09904,16211.834722200001,9.2
36.49462,17.10734,16211.8375,9.5
36.48921,17.116429999999998,16211.839583300001,9.3
36.48348,17.12598,16211.8423611,9.6
36.47851,17.13428,16211.8444444,9.4
36.475120000000004,17.13994,16211.8458333,9.5
36.47143,17.14604,16211.8472222,9.5
36.46633,17.15431,16211.85,9.5
36.46145,17.16248,16211.8520833,9.2
36.455259999999996,17.17297,16211.8548611,9.6
36.450140000000005,17.18179,16211.8569444,9.3
36.44497,17.19068,16211.8590278,9.3
36.44135,17.19685,16211.861111100001,9.6
36.43428,17.2086,16211.8638889,9.8
36.431090000000005,17.213910000000002,16211.8652778,9.5
36.42617,17.2221,16211.8673611,9.1
36.423590000000004,17.22639,16211.86875,9.3
36.41891,17.2342,16211.870833300001,9.1
36.41398,17.24237,16211.8729167,9.2
36.41065,17.247970000000002,16211.8743056,9.1
36.40594,17.25584,16211.8763889,9.5
36.40068,17.26454,16211.879166699999,9.5
36.39465,17.27447,16211.88125,9.1
36.390390000000004,17.281470000000002,16211.8833333,9.5
36.386959999999995,17.28699,16211.8847222,8.9
36.37897,17.300179999999997,16211.8881944,9.5
36.37336,17.30921,16211.8909722,9.6
36.35955,17.33138,16211.897222200001,9.6
36.35519,17.33831,16211.8986111,9.3
36.34773,17.3501,16211.902083300001,9.1
36.34025,17.36194,16211.9048611,9.2
36.10094,17.719179999999998,16212.009027799999,8.9
36.09003,17.73481,16212.013888899999,9.1
34.27254,20.97006,16212.911805599999,9.2
34.09194,22.487389999999998,16214.2,4.3
34.092079999999996,22.47951,16214.2034722,1.8
34.09206,22.4755,16214.20625,1.5
34.092420000000004,22.46479,16214.2104167,7.7
34.09252,22.45446,16214.2138889,3.8
34.09279,22.43585,16214.2208333,3.8
34.0921,22.42938,16214.224305599999,1.8
34.09196,22.428929999999998,16214.2270833,1.9
34.09195,22.41035,16214.2354167,4.9
34.09238,22.40193,16214.2388889,1.4
34.0917,22.389120000000002,16214.2430556,5.7
34.091190000000005,22.37625,16214.2472222,5.8
34.18591,21.27059,16215.994444400001,6.1
34.17196,21.274620000000002,16216.0,6.5
34.16062,21.27695,16216.004166699999,6.4
34.12791,21.28462,16216.0166667,6.1
34.11538,21.289460000000002,16216.0215278,7.0
34.12477,21.28171,16216.0555556,2.6
34.07898,21.24745,16216.8826389,0.3
34.06022,22.160439999999998,16217.181944400001,6.3
33.927859999999995,22.190739999999998,16218.2222222,5.0
34.02946,21.97245,16218.379166699999,6.6
34.025459999999995,21.8199,16218.4361111,6.8
34.02857,21.80343,16218.441666699999,7.2
34.03109,21.78661,16218.4472222,3.2
34.035920000000004,21.75348,16218.4604167,6.7
34.03663,21.74867,16218.4625,5.5
34.03733,21.74183,16218.4652778,6.6
34.03157,21.64997,16218.5083333,7.4
34.02604,21.64152,16218.5118056,7.8
34.02218,21.63554,16218.5152778,7.8
34.019659999999995,21.63198,16218.517361100001,2.5
34.01907,21.63079,16218.5201389,1.8
34.01662,21.62559,16218.525,7.8
33.96913,21.56281,16218.5659722,5.1
33.97531,21.55556,16218.5694444,7.7
33.97909,21.551679999999998,16218.571527799999,1.8
34.00991,21.50654,16218.5923611,2.1
34.010709999999996,21.50497,16218.59375,1.5
34.0114,21.50339,16218.5951389,3.8
34.01271,21.50074,16218.5972222,2.4
34.01444,21.49771,16218.599305599999,3.9
34.02084,21.48701,16218.602777799999,6.4
34.02217,21.4851,16218.6055556,5.7
34.029959999999996,21.46592,16218.614583300001,6.3
34.032790000000006,21.45995,16218.6166667,4.6
34.035270000000004,21.45469,16218.61875,5.2
34.03736,21.4498,16218.6222222,6.0
34.0417,21.43982,16218.6263889,4.1
34.04248,21.43777,16218.6277778,2.1
34.04372,21.43495,16218.6298611,5.3
34.04589,21.42994,16218.6319444,2.1
34.048359999999995,21.4241,16218.6347222,4.8
34.05079,21.41842,16218.6368056,7.4
34.05375,21.411379999999998,16218.6395833,7.0
34.058609999999994,21.399379999999997,16218.6430556,5.0
34.06693,21.3793,16218.650694400001,7.8
34.06884,21.37513,16218.6527778,6.4
34.068509999999996,21.375220000000002,16218.6541667,4.4
34.070879999999995,21.36919,16218.6569444,1.8
34.07484,21.35942,16218.660416699999,7.7
34.08027,21.34607,16218.666666699999,1.2
34.0901,21.29955,16218.704861100001,8.0
34.08265,21.298289999999998,16218.7076389,7.8
34.077040000000004,21.29737,16218.7090278,7.4
34.07039,21.29629,16218.7111111,7.7
34.06377,21.29518,16218.713194400001,7.4
34.06061,21.29468,16218.714583300001,7.4
34.05542,21.29383,16218.7159722,7.6
34.052279999999996,21.29332,16218.7173611,7.8
34.04468,21.292089999999998,16218.7201389,7.2
34.02539,22.4,16219.1583333,1.6
34.02684,22.39965,16219.165277799999,1.0
34.024390000000004,22.40222,16219.1673611,6.5
34.0228,22.4059,16219.1694444,0.6
34.023340000000005,22.40602,16219.1722222,0.4
34.02378,22.40594,16219.1743056,0.8
34.02367,22.405839999999998,16219.1763889,2.6
