lat,long,time,speed
70.0294,20.968339999999998,16191.7006944,0.0
70.02943,20.96847,16192.3569444,0.0
70.02941,20.968429999999998,16192.4215278,0.0
70.0294,20.96838,16192.5513889,0.0
70.02941,20.968410000000002,16192.6152778,0.0
70.02944000000001,20.968410000000002,16192.678472200001,0.0
70.02939,20.968239999999998,16192.7416667,0.0
70.0294,20.96845,16193.3979167,0.0
70.0294,20.968410000000002,16193.527083300001,0.0
70.02941,20.96848,16193.65625,0.0
70.0294,20.96831,16193.71875,0.0
70.0294,20.96847,16193.9159722,0.0
70.02943,20.9684,16193.9805556,0.0
70.02944000000001,20.9684,16194.375,0.0
70.0294,20.96837,16194.4388889,0.0
70.0294,20.96838,16194.571527799999,0.0
70.02946999999999,20.96847,16194.6326389,0.0
70.02941,20.96839,16194.6958333,0.0
70.0294,20.968429999999998,16194.8916667,0.0
70.0294,20.96844,16194.9555556,0.0
70.03283,20.9812,16195.3402778,4.7
70.0352,20.988039999999998,16195.3416667,0.5
70.03522,20.98794,16195.3506944,1.4
70.03524,20.98876,16195.3534722,0.0
70.03523,20.98875,16195.369444400001,0.0
70.03520999999999,20.98834,16195.5284722,0.6
70.03523,20.9887,16195.5319444,0.0
70.0351,20.98871,16195.5479167,2.2
70.0294,20.968329999999998,16195.736111100001,0.0
70.02937,20.96848,16196.3291667,0.0
70.0294,20.96847,16196.3944444,0.0
70.0294,20.96836,16196.6513889,0.0
70.03139,20.97714,16197.0020833,5.6
70.03298000000001,20.9791,16197.0215278,3.4
70.03246,20.98735,16197.0229167,5.9
70.03284000000001,20.9961,16197.0243056,4.9
70.03595,21.014120000000002,16197.0277778,7.5
70.04236999999999,21.02719,16197.0305556,7.4
70.03759000000001,20.30611,16197.3701389,0.9
70.02778,20.51793,16197.4354167,7.6
70.05208,21.015639999999998,16197.4951389,7.5
70.04888000000001,21.01926,16197.4965278,7.3
70.04368000000001,21.02194,16197.4986111,7.4
70.03766999999999,21.01211,16197.5006944,7.4
70.03523,20.98871,16197.5076389,0.0
70.03524,20.988429999999997,16197.5638889,0.0
70.03522,20.98872,16197.6645833,0.0
70.0294,20.96839,16197.6902778,0.0
70.0294,20.968339999999998,16197.854166699999,0.0
70.02941,20.96839,16197.86875,0.0
70.0294,20.96839,16197.8847222,0.0
70.02937,20.9684,16197.8993056,0.0
70.02938,20.9684,16197.9145833,0.0
70.02938,20.96844,16197.93125,0.0
70.0294,20.9684,16197.9458333,0.0
70.03258000000001,20.99485,16198.009027799999,7.3
70.03645,21.01401,16198.0111111,7.5
70.03873,21.021060000000002,16198.0125,7.7
70.04919,21.01932,16198.0159722,8.0
70.06438,20.978920000000002,16198.0236111,7.2
70.04637,20.777910000000002,16198.048611100001,7.1
70.0452,20.76782,16198.05,7.1
70.04307,20.75059,16198.052083300001,7.1
70.04101999999999,20.73412,16198.0541667,7.2
70.03886999999999,20.71732,16198.05625,7.0
70.03709,20.70039,16198.058333300001,7.2
70.03517,20.68147,16198.0611111,7.6
70.03305,20.66293,16198.0631944,7.4
70.03114000000001,20.64544,16198.0652778,7.5
70.02924,20.62789,16198.0673611,7.3
70.02711,20.60858,16198.0694444,7.3
70.0254,20.59081,16198.071527799999,7.4
70.02422,20.57245,16198.0736111,7.1
70.02374,20.5632,16198.075,6.8
70.02365,20.54789,16198.0770833,6.7
70.02405999999999,20.52994,16198.0791667,6.7
70.02447,20.50195,16198.0826389,6.8
70.0247,20.488879999999998,16198.0840278,6.7
70.02490999999999,20.47799,16198.0854167,7.0
70.02531,20.45683,16198.088194400001,7.0
70.02554,20.44373,16198.089583300001,6.9
70.02611999999999,20.415110000000002,16198.0930556,7.1
70.02685,20.40018,16198.0951389,7.7
70.02946999999999,20.366429999999998,16198.099305599999,6.5
70.0303,20.35663,16198.1006944,7.1
70.03021,20.347929999999998,16198.1034722,2.3
70.02982,20.340889999999998,16198.10625,1.2
70.02919,20.32599,16198.1104167,3.9
70.029,20.313679999999998,16198.1131944,3.3
70.02892,20.305999999999997,16198.1152778,1.5
70.0293,20.29833,16198.1201389,1.0
70.02941,20.294970000000003,16198.1222222,1.5
70.02956,20.28893,16198.1256944,1.6
70.02988,20.2854,16198.1277778,1.5
70.03067,20.280160000000002,16198.13125,0.9
70.0312,20.277279999999998,16198.1333333,1.3
70.03191,20.273329999999998,16198.1361111,1.4
70.07330999999999,20.23434,16198.2479167,3.5
70.07126,20.23302,16198.25,1.8
70.06933000000001,20.23265,16198.2520833,1.8
70.06744,20.23014,16198.2548611,2.0
70.06846999999999,20.228460000000002,16198.2645833,2.5
70.07039,20.23116,16198.2666667,0.9
70.08044,20.218770000000003,16198.3111111,5.5
70.0788,20.22053,16198.3125,2.6
70.07304,20.2253,16198.3152778,5.4
70.06987,20.22784,16198.3173611,5.3
70.06575,20.231579999999997,16198.3194444,3.7
70.06078000000001,20.23547,16198.322916699999,3.0
70.05467,20.237779999999997,16198.3284722,7.3
70.04839,20.24536,16198.3305556,7.5
70.01191999999999,20.29464,16198.34375,7.7
70.00473000000001,20.30432,16198.3465278,7.9
69.9982,20.31405,16198.3486111,8.0
69.99396999999999,20.320420000000002,16198.35,8.0
69.99025,20.32678,16198.352777799999,2.6
69.98782,20.328229999999998,16198.3548611,1.6
69.98689,20.32799,16198.35625,1.4
69.98595,20.32747,16198.3583333,1.1
69.98454,20.329079999999998,16198.361111100001,2.2
69.98193,20.33519,16198.3631944,4.1
69.97919,20.34163,16198.3652778,1.6
69.97855,20.34309,16198.3673611,1.0
69.97764000000001,20.34554,16198.369444400001,1.3
69.9771,20.34708,16198.370833300001,1.2
69.97652,20.34855,16198.3722222,1.2
69.97594000000001,20.349870000000003,16198.3736111,1.4
69.97535,20.35112,16198.375,1.3
69.97478000000001,20.35231,16198.3763889,1.3
69.97417,20.353579999999997,16198.3777778,1.2
69.97353000000001,20.35497,16198.379166699999,1.2
69.97298,20.355999999999998,16198.380555599999,1.3
69.97180999999999,20.35848,16198.3833333,1.4
69.96964,20.36243,16198.3881944,1.3
69.969,20.36363,16198.3895833,1.2
69.96805,20.36576,16198.3916667,1.5
69.96715999999999,20.36816,16198.39375,1.3
69.96664,20.369629999999997,16198.3951389,1.5
69.96603,20.37136,16198.3965278,1.3
69.96552,20.3728,16198.3979167,1.3
69.96504,20.3744,16198.3993056,1.5
69.96461,20.3763,16198.400694400001,1.6
69.96372,20.380760000000002,16198.4041667,1.5
69.96281,20.38423,16198.4069444,1.3
69.96175,20.38666,16198.4090278,1.3
69.96106999999999,20.38766,16198.410416699999,1.4
69.96035,20.38854,16198.411805599999,1.3
69.95956,20.38938,16198.4131944,1.2
69.95715,20.392039999999998,16198.4180556,1.3
69.95634,20.392670000000003,16198.420138899999,1.3
69.95506,20.39432,16198.4229167,1.2
69.95396,20.39604,16198.425,1.3
69.95325,20.39677,16198.4263889,1.2
69.95264,20.39738,16198.4277778,1.3
69.95196999999999,20.39795,16198.4291667,1.0
69.95125999999999,20.39852,16198.4305556,1.3
69.95071,20.39903,16198.431944400001,1.3
69.94882,20.400560000000002,16198.4347222,1.3
69.94762,20.40168,16198.4368056,1.1
69.94711,20.40224,16198.4381944,0.8
69.94643,20.40288,16198.4402778,1.0
69.94518000000001,20.40407,16198.4423611,1.3
69.94453,20.40474,16198.44375,1.1
69.94395,20.40551,16198.4451389,1.2
69.94334,20.40645,16198.446527799999,1.0
69.94219,20.40879,16198.4493056,1.1
69.94168,20.4099,16198.4506944,1.3
69.9412,20.41103,16198.4520833,1.2
69.9407,20.41221,16198.4534722,1.0
69.94015999999999,20.41331,16198.454861100001,1.1
69.93964,20.41443,16198.45625,1.0
69.9391,20.415589999999998,16198.4576389,0.8
69.93858,20.416729999999998,16198.4590278,0.9
69.93806,20.41787,16198.4604167,1.3
69.93751,20.418960000000002,16198.4618056,1.2
69.93697,20.42006,16198.463194400001,1.0
69.93646,20.421120000000002,16198.464583300001,0.7
69.93585,20.42225,16198.4659722,1.3
69.9353,20.42314,16198.4673611,1.1
69.93421,20.42515,16198.4701389,1.0
69.93311,20.427329999999998,16198.472916699999,1.2
69.93251,20.4285,16198.474305599999,1.4
69.93198000000001,20.429389999999998,16198.4756944,0.8
69.93141999999999,20.430239999999998,16198.4770833,1.1
69.93030999999999,20.4322,16198.4798611,1.1
69.92917,20.434179999999998,16198.482638899999,1.3
69.92854,20.43552,16198.4840278,1.0
69.92799000000001,20.436729999999997,16198.4854167,1.2
69.92685999999999,20.43862,16198.4881944,1.1
69.92556,20.43964,16198.490972200001,1.3
69.92429,20.44061,16198.49375,1.3
69.92296999999999,20.44131,16198.4965278,1.3
69.92168000000001,20.44233,16198.4986111,1.2
69.92105,20.44277,16198.5,1.3
69.92036,20.44312,16198.5013889,1.3
69.91965,20.44331,16198.5027778,1.2
69.91898,20.44341,16198.504166699999,1.3
69.9176,20.443720000000003,16198.5069444,1.2
69.91617,20.44422,16198.5097222,1.3
69.91476,20.44445,16198.5125,1.2
69.91371,20.44422,16198.5145833,1.3
69.91233000000001,20.44363,16198.517361100001,1.2
69.91095,20.44256,16198.5201389,1.3
69.90958,20.44146,16198.5229167,1.1
69.90821,20.4406,16198.525694400001,1.2
69.90692,20.43979,16198.5284722,1.0
69.90633000000001,20.43936,16198.5298611,1.1
69.9057,20.43915,16198.53125,1.0
69.90453000000001,20.438670000000002,16198.5340278,1.1
69.90398,20.43853,16198.535416699999,1.0
69.90337,20.43821,16198.536805599999,1.3
69.90273,20.43794,16198.5381944,1.0
69.90165999999999,20.43852,16198.5409722,0.8
69.90146999999999,20.43843,16198.545138899999,0.7
69.90148,20.43842,16198.5479167,0.4
69.90654,20.43986,16198.55,1.1
69.90703,20.44132,16198.5513889,0.5
69.90753000000001,20.441570000000002,16198.5527778,1.7
69.90791,20.441860000000002,16198.5541667,0.2
69.90829000000001,20.44231,16198.5555556,1.8
69.90993,20.44409,16198.558333300001,0.9
69.91108,20.44417,16198.5611111,0.9
69.91212,20.44509,16198.5631944,0.7
69.9125,20.44502,16198.5645833,0.7
69.91282,20.44485,16198.5659722,0.5
69.91412,20.445510000000002,16198.5673611,1.8
69.91665,20.44487,16198.5701389,2.5
69.91951999999999,20.44211,16198.5722222,4.9
69.92175,20.44023,16198.5736111,4.8
69.92525,20.43711,16198.576388899999,2.0
69.92658,20.43535,16198.5784722,1.2
69.92729,20.4342,16198.579861100001,1.5
69.92795,20.4333,16198.58125,1.3
69.92867,20.43218,16198.5826389,1.1
69.92929000000001,20.4313,16198.5840278,1.2
69.92993,20.43035,16198.5854167,1.5
69.93059000000001,20.429289999999998,16198.5868056,1.4
69.93132,20.42813,16198.588194400001,1.4
69.9322,20.42684,16198.589583300001,1.8
69.9329,20.42587,16198.5909722,1.6
69.93361999999999,20.42476,16198.5923611,1.0
69.9343,20.42359,16198.59375,1.2
69.93489,20.42236,16198.5951389,1.3
69.93611999999999,20.41966,16198.597916699999,0.9
69.93719,20.41705,16198.6006944,1.0
69.93833000000001,20.41422,16198.6034722,1.0
69.93999000000001,20.410729999999997,16198.6069444,1.4
69.94055999999999,20.40956,16198.6083333,0.8
69.94106,20.40855,16198.6097222,1.6
69.94165,20.40744,16198.611111100001,1.1
69.94230999999999,20.40628,16198.6125,1.3
69.94296,20.40515,16198.6138889,1.3
69.94364,20.40391,16198.6152778,1.6
69.94426999999999,20.402739999999998,16198.6166667,1.8
69.94487,20.40179,16198.6180556,1.1
69.94549,20.4006,16198.619444400001,1.4
69.94605,20.39953,16198.620833300001,1.1
69.94684000000001,20.39801,16198.6229167,1.4
69.94745999999999,20.39678,16198.6243056,1.2
69.94825,20.39519,16198.6263889,1.2
69.94875,20.394029999999997,16198.6277778,0.9
69.94936,20.392970000000002,16198.629166699999,1.2
69.95000999999999,20.392,16198.630555599999,1.3
69.95069000000001,20.391170000000002,16198.6319444,1.4
69.95142,20.3904,16198.6333333,1.1
69.95222,20.389570000000003,16198.6347222,1.1
69.95253000000001,20.38924,16198.6361111,1.0
69.95336,20.38843,16198.6381944,1.2
69.95554,20.38673,16198.6416667,1.2
69.95696,20.386779999999998,16198.647222200001,0.2
69.9566,20.38755,16198.6493056,2.6
69.95468000000001,20.389870000000002,16198.652083300001,3.1
69.95264,20.39246,16198.6548611,2.7
69.95174,20.39304,16198.6576389,0.2
69.95258000000001,20.3923,16198.660416699999,0.4
69.95322,20.39346,16198.6631944,0.6
69.95340999999999,20.39313,16198.6680556,2.9
69.95336999999999,20.390629999999998,16198.6694444,0.7
69.95325,20.38991,16198.6708333,0.2
69.95331999999999,20.389570000000003,16198.6722222,0.9
69.95312,20.38833,16198.673611100001,2.9
69.95397,20.38549,16198.675,2.1
69.95512,20.382460000000002,16198.677083300001,1.9
69.95606,20.38004,16198.678472200001,1.6
69.95798,20.37536,16198.683333300001,2.7
69.95991,20.37001,16198.6854167,3.4
69.962,20.36433,16198.6875,3.4
69.96426,20.35837,16198.6895833,3.4
69.96696999999999,20.351029999999998,16198.6923611,2.1
69.96795999999999,20.349120000000003,16198.6944444,0.9
69.96817,20.34939,16198.6958333,0.4
69.96838000000001,20.34917,16198.6972222,0.5
69.97084,20.34075,16198.7,8.2
69.97662,20.31829,16198.7027778,7.7
69.98016,20.30155,16198.704861100001,7.3
69.92277,20.17469,16198.7305556,7.9
69.91928,20.17306,16198.7319444,8.0
69.9118,20.170479999999998,16198.7340278,8.0
69.90919,20.165329999999997,16198.7354167,3.8
69.90966,20.16329,16198.7375,0.1
69.90964,20.16318,16198.7611111,0.0
69.90963,20.16323,16198.775,0.0
69.90963,20.16324,16198.7888889,0.0
69.90961,20.16333,16198.8048611,0.0
69.90961,20.16329,16198.8208333,0.0
69.90963,20.16325,16198.834722200001,0.0
69.90966,20.163320000000002,16198.8486111,0.0
69.90964,20.16321,16198.864583300001,0.0
69.90963,20.16329,16198.879166699999,0.0
69.90963,20.16335,16198.9965278,0.0
69.90961,20.16338,16199.0229167,0.0
69.90963,20.163320000000002,16199.0388889,0.0
69.90961999999999,20.163320000000002,16199.0673611,0.0
69.90947,20.16477,16199.0777778,4.0
69.91325,20.1706,16199.0805556,7.0
69.97757,20.29684,16199.1083333,7.5
69.97449,20.31381,16199.1104167,7.5
69.97147,20.329539999999998,16199.1125,7.5
69.96812,20.34725,16199.114583300001,7.3
69.96486,20.363529999999997,16199.1166667,7.1
69.96321999999999,20.37163,16199.1180556,7.1
69.96061999999999,20.38054,16199.1201389,2.7
69.95945,20.38271,16199.1215278,2.4
69.95832,20.38448,16199.1229167,2.3
69.95745,20.38606,16199.1243056,1.9
69.95665,20.38724,16199.1256944,2.6
69.95586999999999,20.3887,16199.1270833,1.5
69.9547,20.39053,16199.1284722,3.3
69.95153,20.3951,16199.130555599999,4.2
69.94863000000001,20.39945,16199.1326389,0.6
69.94816999999999,20.400389999999998,16199.134027799999,1.8
69.94759,20.401229999999998,16199.135416699999,1.0
69.94700999999999,20.40217,16199.1368056,1.0
69.94638,20.40329,16199.1381944,1.4
69.94575999999999,20.404339999999998,16199.1395833,1.2
69.94519,20.40537,16199.1409722,1.0
69.9446,20.40648,16199.142361100001,1.3
69.94339000000001,20.40865,16199.1451389,1.4
69.94207,20.41101,16199.1479167,1.3
69.94083,20.4133,16199.150694400001,1.4
69.93951,20.41566,16199.1534722,1.2
69.93816,20.41791,16199.15625,1.4
69.93694,20.42057,16199.1590278,1.3
69.93571,20.42349,16199.161805599999,1.3
69.93446,20.426029999999997,16199.1645833,1.4
69.93307,20.42762,16199.1673611,1.4
69.93171,20.42942,16199.170138899999,1.3
69.93048,20.43147,16199.1722222,1.1
69.9296,20.43286,16199.1743056,1.2
69.92896999999999,20.43376,16199.1756944,1.3
69.92768000000001,20.43524,16199.178472200001,1.2
69.92624,20.4367,16199.18125,1.0
69.92558000000001,20.43746,16199.1826389,1.3
69.9249,20.43816,16199.1840278,1.2
69.92421,20.43877,16199.1854167,1.2
69.92347,20.43944,16199.1868056,1.2
69.92281,20.43983,16199.1881944,1.3
69.92135999999999,20.440379999999998,16199.1909722,1.3
69.91988,20.4408,16199.19375,1.4
69.91833000000001,20.44125,16199.196527799999,1.3
69.91688,20.441879999999998,16199.1993056,1.3
69.91528000000001,20.442439999999998,16199.2020833,1.5
69.91373,20.44246,16199.204861100001,1.2
69.91228000000001,20.44192,16199.2069444,1.3
69.91157,20.4414,16199.208333300001,1.4
69.9108,20.440910000000002,16199.209722200001,1.2
69.91001999999999,20.440379999999998,16199.2111111,1.6
69.90926,20.439989999999998,16199.2125,1.4
69.90836999999999,20.43974,16199.214583300001,1.3
69.90694,20.43954,16199.2166667,1.2
69.9061,20.43944,16199.2180556,1.4
69.90544,20.43897,16199.2194444,1.2
69.90472,20.43796,16199.2208333,1.5
69.90419,20.437,16199.2222222,1.1
69.90286,20.434720000000002,16199.225,1.5
69.90156999999999,20.432779999999998,16199.227777799999,1.3
69.90015,20.430770000000003,16199.2305556,1.6
69.89864,20.42943,16199.232638899999,1.5
69.89775999999999,20.42998,16199.2340278,1.7
69.89692,20.43115,16199.2354167,1.7
69.89529,20.43446,16199.2381944,1.7
69.89449,20.43636,16199.239583300001,1.6
69.89376999999999,20.43825,16199.240972200001,1.7
69.89308,20.44002,16199.2423611,1.6
69.89237,20.441679999999998,16199.24375,1.6
69.89098,20.44379,16199.2465278,1.4
69.88945,20.44528,16199.2493056,1.5
69.88797,20.44683,16199.2513889,1.3
69.88718,20.44715,16199.2527778,1.5
69.88638,20.44735,16199.254166699999,1.3
69.88563,20.4475,16199.255555599999,1.5
69.88479,20.447689999999998,16199.2569444,1.5
69.88325999999999,20.44806,16199.2597222,1.4
69.88172,20.44855,16199.2625,1.4
69.88016999999999,20.449679999999997,16199.2652778,1.4
69.8794,20.45028,16199.2666667,1.3
69.87805,20.45128,16199.2694444,1.3
69.87661,20.450789999999998,16199.272222200001,1.4
69.87518,20.4497,16199.2743056,1.4
69.87443,20.44912,16199.2763889,1.3
69.873,20.44801,16199.2784722,1.4
69.87225,20.44748,16199.2798611,1.3
69.87156,20.44687,16199.28125,1.2
69.87092,20.44637,16199.2826389,1.3
69.8703,20.4459,16199.2840278,1.4
69.86958,20.44529,16199.285416699999,1.1
69.8689,20.44464,16199.286805599999,1.3
69.86766,20.44277,16199.2895833,1.3
69.8671,20.44165,16199.2909722,1.1
69.86606,20.4396,16199.29375,0.9
69.86569,20.4389,16199.295138899999,0.7
69.86489,20.437520000000003,16199.2979167,0.9
69.86446,20.4363,16199.3006944,0.3
69.86549000000001,20.43712,16199.3027778,3.6
69.86787,20.43966,16199.3055556,2.6
69.86936,20.44071,16199.308333300001,0.5
69.87025,20.43854,16199.3111111,0.8
69.87135,20.43901,16199.3131944,2.2
69.87221,20.43913,16199.3145833,0.8
69.87262,20.43908,16199.3159722,0.8
69.8731,20.439339999999998,16199.3173611,0.9
69.87361999999999,20.43956,16199.31875,1.1
69.87456999999999,20.43995,16199.321527799999,0.9
69.87538,20.4403,16199.3243056,2.7
69.87521,20.4414,16199.326388899999,1.0
69.8746,20.44117,16199.3277778,1.1
69.874,20.440739999999998,16199.3291667,1.2
69.87335,20.44039,16199.3305556,1.1
69.87276,20.43996,16199.3319444,0.9
69.87039,20.43812,16199.3368056,7.2
69.86803,20.43659,16199.338194400001,2.3
69.86685,20.435779999999998,16199.339583300001,1.9
69.86588,20.434929999999998,16199.3409722,1.8
69.86497,20.434260000000002,16199.3423611,1.8
69.86406,20.43337,16199.34375,1.7
69.86314,20.43255,16199.3451389,1.7
69.86156,20.43095,16199.347916699999,1.5
69.86095999999999,20.42899,16199.3506944,0.9
69.85918000000001,20.427229999999998,16199.352777799999,3.0
69.85583000000001,20.42533,16199.3555556,4.0
69.8523,20.422929999999997,16199.357638899999,1.4
69.85076,20.42192,16199.3604167,1.4
69.84936,20.421229999999998,16199.3631944,1.4
69.84792,20.420560000000002,16199.3652778,1.3
69.84722,20.42053,16199.3666667,1.4
69.84644,20.42061,16199.3680556,1.3
69.84566,20.42062,16199.369444400001,1.4
69.84489,20.42067,16199.370833300001,1.3
69.84423000000001,20.42077,16199.3722222,1.2
69.84347,20.42083,16199.3736111,1.3
69.84203000000001,20.42095,16199.3763889,1.3
69.84048,20.4211,16199.379166699999,1.3
69.83974,20.42126,16199.380555599999,1.2
69.83839,20.42142,16199.3833333,1.4
69.83686999999999,20.42166,16199.3861111,1.2
69.8354,20.421870000000002,16199.388888899999,1.3
69.83395,20.42135,16199.3916667,1.3
69.83253,20.420270000000002,16199.3944444,1.3
69.83208,20.41982,16199.3965278,1.6
69.8316,20.41995,16199.3979167,1.2
69.83091,20.42004,16199.3993056,1.3
69.83013000000001,20.4201,16199.400694400001,1.4
69.82941,20.42012,16199.402083300001,1.3
69.82799,20.419439999999998,16199.4048611,1.4
69.82656,20.41777,16199.4076389,1.3
69.82518,20.41609,16199.410416699999,1.2
69.82392,20.41505,16199.4131944,1.2
69.82255,20.41445,16199.4159722,1.3
69.82122,20.41416,16199.4180556,1.3
69.82045,20.41442,16199.4194444,1.4
69.81976,20.41486,16199.4208333,1.4
69.81902,20.41538,16199.4222222,1.4
69.8183,20.41585,16199.423611100001,1.2
69.81696,20.41591,16199.4263889,1.3
69.81545,20.41541,16199.4291667,1.3
69.81416,20.414839999999998,16199.43125,1.3
69.81347,20.41449,16199.4326389,1.2
69.81279,20.41414,16199.4340278,1.2
69.81214,20.414,16199.4354167,1.2
69.81147,20.41366,16199.4368056,1.3
69.81075,20.413439999999998,16199.4381944,1.3
69.81000999999999,20.41316,16199.4395833,1.2
69.80933,20.412860000000002,16199.4409722,1.3
69.80861999999999,20.412689999999998,16199.4423611,1.2
69.80789,20.41249,16199.44375,1.2
69.8072,20.41227,16199.4451389,1.2
69.80648000000001,20.412029999999998,16199.446527799999,1.2
69.8058,20.41178,16199.447916699999,1.2
69.80516999999999,20.411579999999997,16199.4493056,1.2
69.80386,20.41101,16199.4520833,1.2
69.80256999999999,20.41025,16199.454861100001,1.2
69.80122,20.409329999999997,16199.4576389,1.2
69.7999,20.40786,16199.4604167,1.2
69.79871,20.40621,16199.4625,1.2
69.79812,20.40555,16199.4638889,1.2
69.79751,20.40475,16199.4652778,1.2
69.79688,20.4039,16199.4666667,1.2
69.79630999999999,20.40328,16199.4680556,1.2
69.79565,20.40275,16199.4694444,1.2
69.79496,20.40233,16199.4708333,1.2
69.79428,20.40188,16199.4722222,1.2
69.79295,20.40097,16199.475,1.2
69.79162,20.40024,16199.477777799999,1.3
69.79024,20.39966,16199.4805556,1.2
69.78888,20.398970000000002,16199.4833333,1.2
69.78761,20.39856,16199.486111100001,1.2
69.78631999999999,20.3981,16199.4881944,1.1
69.78568,20.39791,16199.489583300001,1.1
69.78506,20.39765,16199.490972200001,1.1
69.78449,20.3963,16199.4923611,1.5
69.78405,20.3945,16199.49375,1.5
69.78368,20.39234,16199.4951389,1.7
69.78313,20.38724,16199.4979167,1.7
69.78341999999999,20.381610000000002,16199.5006944,3.3
69.78831,20.380570000000002,16199.5027778,5.3
69.79153000000001,20.37968,16199.5048611,1.2
69.79301,20.37956,16199.5076389,1.3
69.79451,20.37988,16199.510416699999,1.3
69.79598,20.38044,16199.5131944,1.2
69.79705,20.38075,16199.5152778,1.4
69.79845999999999,20.38119,16199.5180556,1.2
69.79987,20.38159,16199.520833300001,1.3
69.80133000000001,20.38154,16199.5236111,1.3
69.80263000000001,20.381510000000002,16199.525694400001,1.2
69.80334,20.38171,16199.527083300001,1.3
69.804,20.38202,16199.5284722,1.3
69.80471,20.38251,16199.5298611,1.3
69.80543,20.383029999999998,16199.53125,1.2
69.80608000000001,20.3835,16199.5326389,1.2
69.80744,20.3843,16199.535416699999,1.3
69.8087,20.38579,16199.5381944,1.3
69.80994,20.387629999999998,16199.5409722,1.3
69.8112,20.38934,16199.54375,1.1
69.81130999999999,20.38941,16199.5493056,1.2
69.81492,20.3883,16199.5506944,1.3
69.81564,20.38779,16199.552083300001,1.3
69.81685999999999,20.38685,16199.5548611,1.2
69.81769,20.38609,16199.55625,1.2
69.81883,20.38504,16199.5590278,1.2
69.82014000000001,20.38465,16199.5618056,1.2
69.82125,20.38462,16199.5638889,1.2
69.82255,20.38476,16199.566666699999,1.1
69.82378,20.38498,16199.5694444,1.3
69.82513,20.3854,16199.571527799999,1.2
69.82571,20.38553,16199.572916699999,1.2
69.82785,20.3858,16199.5756944,1.3
69.82919,20.38566,16199.5784722,1.2
69.83057,20.38601,16199.5805556,1.2
69.83128,20.386110000000002,16199.5819444,1.2
69.83192,20.38635,16199.583333300001,1.2
69.8326,20.38664,16199.584722200001,1.4
69.83334,20.38713,16199.5861111,1.3
69.83405,20.387610000000002,16199.5875,1.3
69.83546,20.388720000000003,16199.5902778,1.3
69.83689,20.38992,16199.5930556,1.3
69.83828000000001,20.391170000000002,16199.5958333,1.3
69.83965,20.392220000000002,16199.597916699999,1.3
69.84039,20.39272,16199.599305599999,1.2
69.84106,20.39338,16199.6006944,1.3
69.84177,20.39399,16199.6020833,1.3
69.84249,20.39459,16199.6034722,1.3
69.84319,20.395220000000002,16199.6048611,1.3
69.84389,20.39592,16199.60625,1.3
69.84456999999999,20.3966,16199.607638899999,1.3
69.84523,20.397270000000002,16199.6090278,1.3
69.84591999999999,20.398039999999998,16199.6104167,1.2
69.84663,20.398789999999998,16199.6118056,1.3
69.8473,20.39959,16199.6131944,1.2
69.84798,20.400389999999998,16199.614583300001,1.3
69.84867,20.4012,16199.615972200001,1.2
69.84931999999999,20.401970000000002,16199.6173611,1.2
69.85004,20.40257,16199.61875,3.4
69.84834000000001,20.400570000000002,16199.6215278,2.2
69.84753,20.39946,16199.6243056,0.1
69.84806,20.39976,16199.6263889,0.1
69.84824,20.40007,16199.6277778,1.8
69.84893000000001,20.40138,16199.629166699999,0.4
69.84931,20.40108,16199.6333333,1.2
69.84953,20.40069,16199.6361111,1.8
69.85163,20.401629999999997,16199.6381944,7.3
69.85663000000001,20.40498,16199.6395833,8.0
69.8635,20.40992,16199.6416667,8.0
69.8708,20.412760000000002,16199.6444444,8.1
69.87793,20.41463,16199.6465278,8.1
69.88475,20.4148,16199.6486111,8.0
69.89161999999999,20.41329,16199.650694400001,8.0
69.89893000000001,20.4117,16199.6527778,7.8
69.9056,20.4103,16199.6548611,7.8
69.9118,20.40447,16199.6569444,7.8
69.91771999999999,20.39656,16199.6590278,7.8
69.92090999999999,20.392039999999998,16199.660416699999,7.8
69.92676,20.38395,16199.6625,7.8
69.93293,20.37556,16199.6645833,7.7
69.93871,20.36769,16199.666666699999,7.7
69.9448,20.35896,16199.66875,7.7
69.94787,20.35446,16199.670138899999,7.5
69.95419,20.3453,16199.6722222,7.7
69.95924000000001,20.33748,16199.6743056,7.7
69.96848,20.32005,16199.6777778,8.0
69.9196,20.17466,16199.7076389,7.9
69.91279,20.1714,16199.709722200001,7.9
69.9096,20.16346,16199.7118056,1.8
69.9095,20.16478,16199.73125,5.0
69.98463000000001,20.29365,16199.7625,7.8
69.98581999999999,20.304579999999998,16199.763888899999,7.7
69.98914,20.3366,16199.767361100001,7.7
69.99633,20.4086,16199.7763889,7.7
70.01733,20.5982,16199.798611100001,7.5
70.01890999999999,20.61266,16199.8006944,7.5
70.02153,20.63567,16199.8027778,7.7
70.02301,20.64753,16199.8048611,7.8
70.02568000000001,20.66838,16199.806944400001,7.8
70.02787,20.685370000000002,16199.8090278,8.0
70.03078000000001,20.70775,16199.8111111,8.1
70.03275,20.722520000000003,16199.8131944,8.4
70.05074,21.0137,16199.8472222,7.5
70.04335999999999,21.01986,16199.85,7.6
70.03959,21.015729999999998,16199.8513889,7.6
70.0294,20.96839,16200.6847222,0.0
70.02941,20.96836,16200.9458333,0.0
70.02941,20.96848,16201.5986111,0.0
70.0294,20.96854,16201.661805599999,0.0
70.0294,20.968410000000002,16201.79375,0.0
70.03235,20.99595,16202.0166667,5.3
70.03464,21.03283,16202.0229167,5.1
70.03506,21.04035,16202.0243056,5.3
70.03611,21.05761,16202.027083300001,5.5
70.03699,21.071839999999998,16202.0291667,5.6
70.04072,21.121389999999998,16202.0381944,3.4
70.04137,21.1293,16202.040277799999,3.2
70.03999,21.13127,16202.0423611,2.4
70.03899,21.13285,16202.052083300001,0.3
70.03842,21.132929999999998,16202.0631944,1.8
70.0364,21.133110000000002,16202.0659722,1.5
70.03517,21.13316,16202.068055599999,1.1
70.03435,21.133010000000002,16202.0701389,1.1
70.03339,21.13325,16202.0736111,0.8
70.0331,21.1335,16202.0756944,0.3
70.03024,21.13646,16202.0791667,1.6
70.02784,21.13812,16202.08125,4.5
70.02303,21.140970000000003,16202.0840278,3.6
70.02179,21.14206,16202.0861111,1.4
70.01926,21.14401,16202.0909722,1.1
70.01804,21.144920000000003,16202.0930556,1.2
70.01111,21.146060000000002,16202.10625,1.4
70.00941,21.14607,16202.1090278,1.2
70.00853000000001,21.14613,16202.1104167,1.2
70.0069,21.14651,16202.1138889,1.3
70.00546,21.14743,16202.1166667,1.3
70.00413,21.148310000000002,16202.11875,0.8
70.00310999999999,21.149070000000002,16202.120833300001,1.8
69.99815,21.15407,16202.130555599999,1.2
69.99738,21.154770000000003,16202.1319444,0.8
69.99659,21.15545,16202.1333333,1.4
69.99533000000001,21.15655,16202.1361111,1.5
69.99443000000001,21.15731,16202.1375,1.0
69.99313000000001,21.1587,16202.1402778,1.2
69.99242,21.159760000000002,16202.1416667,1.8
69.99169,21.160870000000003,16202.1430556,1.2
69.99076,21.16216,16202.1451389,1.3
69.9901,21.16307,16202.1465278,1.7
69.98901,21.16463,16202.1486111,0.7
69.98819,21.16584,16202.150694400001,1.4
69.98755,21.16669,16202.152083300001,2.1
69.98634,21.16776,16202.1548611,0.9
69.98476,21.169179999999997,16202.1576389,1.3
69.98406999999999,21.169829999999997,16202.1590278,1.3
69.98336,21.17043,16202.160416699999,1.1
69.9827,21.170920000000002,16202.161805599999,0.5
69.982,21.17145,16202.1631944,0.9
69.98122,21.17197,16202.1645833,1.5
69.98053,21.17236,16202.1659722,1.5
69.9798,21.1727,16202.1673611,0.3
69.97908000000001,21.17295,16202.16875,2.8
69.97833,21.17315,16202.170138899999,1.4
69.97516,21.16788,16202.2701389,1.0
69.97589,21.167939999999998,16202.2715278,1.1
69.97733000000001,21.16796,16202.2743056,1.4
69.97876,21.16788,16202.277083300001,1.4
69.98049,21.16759,16202.2798611,2.2
69.98144,21.167839999999998,16202.2819444,1.4
69.9824,21.168329999999997,16202.2833333,1.2
69.98309,21.16863,16202.2847222,0.3
69.98444,21.16764,16202.2875,0.7
69.986,21.16594,16202.290277799999,1.3
69.98691,21.16463,16202.291666699999,1.2
69.98846,21.16168,16202.295138899999,1.7
69.98928000000001,21.159879999999998,16202.2965278,1.5
69.99028,21.15786,16202.298611100001,1.4
69.99181999999999,21.155089999999998,16202.302083300001,1.6
69.99348,21.15184,16202.3055556,1.4
69.99416,21.15084,16202.306944400001,1.6
69.99484,21.149829999999998,16202.308333300001,1.5
70.00286,21.144470000000002,16202.3236111,0.3
70.00536,21.1452,16202.3277778,1.0
70.00671,21.142039999999998,16202.34375,0.8
70.02497,21.14668,16202.35625,6.1
70.03231,21.14655,16202.3590278,6.7
70.0799,21.160829999999997,16202.3777778,1.5
70.09481,21.16474,16202.3944444,1.6
70.09765,21.16319,16202.3993056,1.4
70.09915,21.16296,16202.4027778,1.7
70.1009,21.16293,16202.4055556,1.3
70.10157,21.16291,16202.4069444,1.3
70.1036,21.16279,16202.4111111,0.7
70.10866999999999,21.161620000000003,16202.4208333,1.3
70.15341,21.09896,16202.5097222,0.4
70.15908,21.0836,16202.5229167,1.3
70.17519,21.07777,16202.553472200001,1.1
70.17657,21.07848,16202.55625,1.4
70.17829,21.08042,16202.5590278,1.2
70.18023000000001,21.08426,16202.5625,2.3
70.1777,21.09414,16202.5673611,5.4
70.17324,21.09609,16202.5694444,5.3
70.16982,21.09766,16202.571527799999,2.9
70.16861,21.09855,16202.572916699999,1.7
70.16775,21.099439999999998,16202.5743056,1.6
70.16718,21.10003,16202.5756944,0.7
70.1665,21.10063,16202.5770833,1.2
70.1647,21.10197,16202.5805556,1.4
70.16407,21.1024,16202.5819444,1.1
70.16338,21.10285,16202.583333300001,1.2
70.1627,21.10331,16202.584722200001,1.5
70.16204,21.10378,16202.5861111,1.4
70.16135,21.10419,16202.5875,1.1
70.16006999999999,21.105320000000003,16202.5902778,1.3
70.1588,21.106820000000003,16202.5930556,1.2
70.1581,21.10764,16202.5944444,1.5
70.15679,21.10928,16202.5972222,1.2
70.15552,21.1112,16202.6,1.3
70.1549,21.11209,16202.6013889,1.5
70.15378,21.11366,16202.604166699999,1.5
70.15253,21.115470000000002,16202.6069444,1.3
70.1513,21.117520000000003,16202.6097222,1.3
70.15019000000001,21.11976,16202.6125,1.0
70.14904,21.12204,16202.6152778,1.6
70.14788,21.12448,16202.6180556,1.5
70.14658,21.126089999999998,16202.620833300001,0.9
70.14415,21.128429999999998,16202.6256944,1.1
70.14229,21.13089,16202.629166699999,1.1
70.14161,21.131629999999998,16202.630555599999,1.0
70.14098,21.13231,16202.6319444,1.2
70.14035,21.13297,16202.6333333,1.8
70.13968,21.13372,16202.6347222,1.2
70.13895,21.13457,16202.6361111,1.4
70.13828000000001,21.135460000000002,16202.6375,1.7
70.13726,21.13709,16202.6395833,1.6
70.13663000000001,21.13811,16202.6409722,1.4
70.13517,21.1403,16202.6444444,1.6
70.13172,21.14506,16202.6513889,1.4
70.13107,21.14592,16202.6541667,1.3
70.12987,21.147479999999998,16202.6555556,1.5
70.12861,21.149079999999998,16202.6583333,1.6
70.12666,21.15162,16202.6625,1.2
70.12536,21.15329,16202.665277799999,1.5
70.12429,21.15466,16202.6673611,1.3
70.12326999999999,21.15588,16202.6694444,1.2
70.12392,21.15563,16202.6715278,1.3
70.12527,21.15394,16202.6729167,2.3
70.12643,21.15202,16202.6743056,1.2
70.12684,21.15169,16202.6756944,0.5
70.12666,21.153660000000002,16202.678472200001,1.8
70.12621999999999,21.15614,16202.68125,1.6
70.12536999999999,21.158620000000003,16202.6840278,0.4
70.12533,21.16078,16202.6875,2.9
70.12432,21.160020000000003,16202.6888889,2.1
70.11927,21.151989999999998,16202.6923611,5.2
70.11426999999999,21.144270000000002,16202.6951389,5.5
70.11013,21.13767,16202.6972222,5.7
70.1058,21.1307,16202.6993056,5.2
70.10188000000001,21.12434,16202.701388899999,5.7
70.09770999999999,21.1175,16202.7034722,5.3
70.07151999999999,21.07228,16202.7173611,5.5
70.06761,21.06521,16202.7194444,5.4
70.06304,21.05684,16202.7222222,5.8
70.04978,21.03559,16202.729166699999,5.4
70.04018,21.02044,16202.7340278,5.5
70.03611,21.01002,16202.736111100001,6.0
70.02943,20.96846,16202.963194400001,0.0
70.03226,20.99119,16203.0472222,6.9
70.03444,21.00473,16203.0493056,7.4
70.0464,21.05106,16203.0555556,7.1
70.05373,21.078000000000003,16203.0597222,7.5
70.06126,21.10588,16203.0638889,7.0
70.06336999999999,21.11407,16203.0652778,7.0
70.09694,21.15869,16203.0986111,1.6
70.09879000000001,21.159689999999998,16203.1020833,0.9
70.10023000000001,21.16139,16203.1048611,1.2
70.10119,21.1625,16203.1069444,1.5
70.10332,21.163529999999998,16203.111111100001,1.1
70.10536,21.16411,16203.114583300001,0.6
70.12316,21.15423,16203.15,0.9
70.12994,21.147289999999998,16203.1625,1.5
70.13553,21.14141,16203.173611100001,1.6
70.15798000000001,21.10549,16203.2173611,1.0
70.16403000000001,21.10089,16203.2284722,1.7
70.17626,21.0911,16203.2520833,0.9
70.17889,21.08863,16203.2576389,0.7
70.18024,21.08735,16203.260416699999,2.5
70.18172,21.0859,16203.2631944,1.1
70.18665,21.07916,16203.2729167,2.2
70.18741999999999,21.07796,16203.275,1.1
70.20158,21.06898,16203.3027778,1.3
70.20294,21.067510000000002,16203.3048611,2.0
70.20877,21.06286,16203.3159722,1.4
70.2324,21.068379999999998,16203.3666667,1.3
70.22876,21.06646,16203.3763889,0.7
70.22854,21.063589999999998,16203.379166699999,1.2
70.22823000000001,21.06231,16203.380555599999,1.8
70.2271,21.05892,16203.3826389,2.6
70.22652,21.0584,16203.385416699999,0.6
70.2253,21.06167,16203.3895833,3.9
70.22291,21.062929999999998,16203.392361100001,2.3
70.21819,21.064529999999998,16203.395833300001,4.9
70.21455,21.0656,16203.3986111,3.5
70.21223,21.06599,16203.4,2.7
70.21136,21.06577,16203.4013889,1.6
70.21028000000001,21.06579,16203.4034722,0.6
70.20948,21.06605,16203.4048611,2.2
70.20855999999999,21.06624,16203.4069444,2.0
70.2071,21.06679,16203.4090278,2.2
70.20638000000001,21.06731,16203.410416699999,1.5
70.20567,21.06784,16203.411805599999,1.8
70.20419,21.06905,16203.4145833,2.7
70.20271,21.070079999999997,16203.4173611,1.7
70.20123000000001,21.07079,16203.4194444,1.8
70.20051,21.07112,16203.4208333,2.0
70.19971,21.07152,16203.4222222,0.8
70.19899000000001,21.071839999999998,16203.423611100001,0.4
70.19821,21.07215,16203.425,1.6
70.19712,21.07265,16203.427083300001,0.6
70.19569,21.07321,16203.4291667,3.2
70.19346999999999,21.07402,16203.433333300001,2.0
70.19147,21.07473,16203.4368056,2.2
70.18992,21.0753,16203.4395833,1.6
70.18858,21.07589,16203.441666699999,1.9
70.18783,21.07631,16203.443055599999,1.5
70.18645,21.07714,16203.4458333,2.1
70.1852,21.07784,16203.447916699999,2.4
70.18451,21.07825,16203.4493056,1.3
70.18308,21.07899,16203.4520833,1.1
70.17979,21.08103,16203.4576389,2.6
70.1791,21.08141,16203.4590278,2.3
70.17838,21.08185,16203.4604167,1.5
70.1777,21.08238,16203.4618056,2.8
70.17625,21.083389999999998,16203.464583300001,1.9
70.1743,21.084870000000002,16203.4680556,2.3
70.17309,21.085729999999998,16203.4708333,2.7
70.17175999999999,21.08676,16203.472916699999,1.5
70.17107,21.08737,16203.474305599999,1.6
70.17043000000001,21.08801,16203.4756944,2.1
70.16973,21.08866,16203.4770833,0.3
70.16904,21.08938,16203.4784722,1.2
70.16835,21.09016,16203.4798611,2.0
70.16764,21.090889999999998,16203.48125,1.7
70.16631,21.09233,16203.4840278,1.6
70.16521,21.09356,16203.486111100001,1.6
70.16366,21.0956,16203.4888889,1.6
70.16233000000001,21.097179999999998,16203.4916667,1.6
70.16147,21.09822,16203.4930556,1.1
70.16076,21.09917,16203.494444400001,0.8
70.15858,21.1018,16203.4986111,1.9
70.1579,21.10272,16203.5,1.5
70.15727,21.10366,16203.5013889,0.5
70.15661999999999,21.10455,16203.5027778,1.6
70.15601,21.1055,16203.504166699999,1.1
70.15481,21.10739,16203.5069444,1.4
70.15364,21.10918,16203.5097222,1.2
70.15244,21.11116,16203.5118056,1.6
70.15177,21.11234,16203.5131944,2.5
70.15114,21.11344,16203.5145833,1.1
70.15052,21.11456,16203.5159722,0.9
70.14990999999999,21.11576,16203.517361100001,1.7
70.14927,21.11686,16203.51875,2.0
70.1479,21.119,16203.5215278,1.9
70.14658,21.12116,16203.5243056,1.6
70.14528,21.123260000000002,16203.5263889,1.5
70.14463,21.12438,16203.5277778,2.3
70.14394,21.12558,16203.5291667,0.4
70.1433,21.1267,16203.5305556,1.2
70.14203,21.12896,16203.5333333,1.0
70.14076999999999,21.13138,16203.535416699999,1.8
70.14014,21.13256,16203.536805599999,2.0
70.13933,21.13371,16203.5388889,1.5
70.13835,21.134829999999997,16203.540277799999,2.0
70.13643,21.136039999999998,16203.54375,0.9
70.13433,21.13704,16203.5472222,1.8
70.13332,21.13764,16203.548611100001,1.7
70.1324,21.13809,16203.5506944,2.8
70.13055,21.138939999999998,16203.553472200001,2.4
70.12867,21.13981,16203.556944400001,2.0
70.12611,21.14143,16203.5611111,1.2
70.12513,21.14203,16203.5625,0.9
70.12363,21.143420000000003,16203.5652778,2.1
70.12201999999999,21.14509,16203.568055599999,2.0
70.11708,21.15244,16203.5770833,1.4
70.1162,21.15426,16203.5791667,1.5
70.11478000000001,21.15704,16203.5819444,2.0
70.11378,21.159029999999998,16203.5840278,2.5
70.11381,21.159229999999997,16203.5854167,1.6
70.11624,21.15632,16203.5888889,1.6
70.11657,21.15551,16203.5902778,1.1
70.11654,21.15559,16203.5916667,0.4
70.11636,21.15606,16203.5930556,2.3
70.11601,21.15669,16203.5944444,1.1
70.11578,21.15685,16203.5958333,2.4
70.115,21.15869,16203.5986111,0.7
70.11473000000001,21.15886,16203.6013889,2.2
70.1123,21.15752,16203.604166699999,2.9
70.10812,21.14969,16203.60625,5.5
70.10526999999999,21.14361,16203.607638899999,6.3
70.10284,21.138360000000002,16203.6090278,6.2
70.09824,21.128420000000002,16203.611111100001,5.8
70.09613,21.12368,16203.6125,5.7
70.0716,21.06925,16203.625,5.9
70.06918,21.06578,16203.6263889,6.0
70.05654,21.0481,16203.6319444,6.9
70.0503,21.03953,16203.6347222,6.4
70.04253,21.02952,16203.6381944,6.8
70.03699,21.01812,16203.6402778,8.5
70.03445,21.00969,16203.6416667,7.7
70.03305,20.978620000000003,16203.678472200001,1.5
70.02936,20.96848,16203.681944400001,0.0
70.03274,20.99527,16204.0513889,8.1
70.03622,21.017429999999997,16204.0541667,6.5
70.04088,21.03499,16204.05625,7.7
70.04564,21.05329,16204.0590278,8.0
70.04879,21.06494,16204.0604167,7.3
70.05813,21.100070000000002,16204.0659722,7.6
70.06219,21.11501,16204.068055599999,7.7
70.09092,21.15942,16204.0875,3.4
70.09754000000001,21.15718,16204.099305599999,0.8
70.0994,21.15827,16204.1020833,0.9
70.10112,21.1594,16204.1055556,1.2
70.10228000000001,21.16025,16204.107638899999,1.7
70.10453000000001,21.16111,16204.1118056,0.7
70.10981,21.1593,16204.1201389,1.7
70.13014,21.131,16204.1569444,1.2
70.13077,21.12964,16204.1583333,1.1
70.13161,21.127879999999998,16204.160416699999,1.0
70.13927,21.11789,16204.1756944,2.3
70.14116999999999,21.117620000000002,16204.1791667,0.6
70.15755,21.10151,16204.2118056,0.5
70.1586,21.100579999999997,16204.214583300001,2.6
70.17484,21.080679999999997,16204.25,1.7
70.17564,21.08024,16204.2527778,1.3
70.18686,21.07451,16204.275694400001,0.5
70.18754,21.07477,16204.277083300001,0.8
70.18815,21.07463,16204.2784722,1.9
70.18883000000001,21.07415,16204.2805556,2.0
70.19015999999999,21.07216,16204.2833333,0.6
70.19148,21.07145,16204.286805599999,0.8
70.20142,21.06946,16204.3076389,1.9
70.20221,21.06876,16204.3090278,0.5
70.21991,21.06802,16204.3666667,1.2
70.21970999999999,21.071070000000002,16204.369444400001,1.3
70.2194,21.07155,16204.370833300001,0.1
70.21901,21.07159,16204.3729167,1.7
70.21695,21.071839999999998,16204.3756944,2.3
70.21305,21.07152,16204.380555599999,2.1
70.20966,21.07027,16204.3826389,4.8
70.20691,21.06955,16204.384027799999,4.0
70.20357,21.069229999999997,16204.3868056,2.0
70.20237,21.06964,16204.388888899999,0.5
70.20064,21.06999,16204.3916667,0.9
70.19899000000001,21.07129,16204.3944444,1.2
70.19757,21.0731,16204.3965278,1.8
70.19685,21.07421,16204.3979167,2.0
70.19608000000001,21.07538,16204.3993056,2.0
70.19538,21.076620000000002,16204.400694400001,1.9
70.19468,21.0778,16204.402083300001,1.3
70.19404,21.07893,16204.4034722,0.3
70.1934,21.08002,16204.4048611,1.5
70.19278,21.08093,16204.40625,2.4
70.19164,21.08277,16204.4090278,3.3
70.19075,21.08398,16204.410416699999,2.0
70.19015,21.08486,16204.411805599999,1.0
70.18947,21.0859,16204.4131944,1.7
70.18884,21.08667,16204.4145833,2.6
70.18568,21.09009,16204.4215278,1.3
70.17445,21.099629999999998,16204.443055599999,2.7
70.17376999999999,21.09992,16204.4444444,2.5
70.17309,21.10023,16204.4458333,0.1
70.17178,21.100929999999998,16204.4486111,2.9
70.1703,21.10166,16204.451388899999,1.7
70.16866,21.102320000000002,16204.4541667,1.4
70.16792,21.10279,16204.4555556,2.1
70.16719,21.103289999999998,16204.4569444,2.1
70.16572,21.10473,16204.459722200001,1.4
70.16502,21.10547,16204.4611111,1.2
70.16433,21.106360000000002,16204.4625,2.3
70.16366,21.10728,16204.4638889,1.2
70.16283,21.10847,16204.4659722,1.6
70.16111,21.11047,16204.4694444,1.7
70.15883000000001,21.112289999999998,16204.474305599999,1.3
70.15745,21.11218,16204.4763889,1.7
70.15671999999999,21.11219,16204.477777799999,2.2
70.1559,21.11225,16204.479166699999,1.7
70.1552,21.112560000000002,16204.4805556,1.1
70.15442,21.11309,16204.4819444,1.6
70.15373000000001,21.113789999999998,16204.4833333,1.0
70.15297,21.11484,16204.4847222,2.3
70.15231,21.11577,16204.486111100001,2.3
70.1516,21.116789999999998,16204.4875,2.7
70.15101999999999,21.117820000000002,16204.4888889,4.1
70.1505,21.11934,16204.4902778,2.4
70.14998,21.12148,16204.4916667,0.6
70.14936,21.12415,16204.49375,2.3
70.14891999999999,21.12642,16204.4951389,2.5
70.14854,21.12821,16204.4965278,0.7
70.14806,21.12961,16204.4979167,1.9
70.14757,21.13097,16204.4993056,0.7
70.14699999999999,21.13267,16204.5013889,1.5
70.14591,21.13607,16204.504166699999,1.3
70.14548,21.13751,16204.505555599999,0.5
70.14378,21.1423,16204.510416699999,2.1
70.14249000000001,21.14389,16204.5131944,2.0
70.14183,21.14449,16204.5145833,2.3
70.14053,21.14532,16204.517361100001,1.7
70.13909,21.14581,16204.5201389,0.9
70.13754,21.14572,16204.5229167,1.4
70.13602,21.14556,16204.525694400001,2.0
70.13512,21.14494,16204.527083300001,2.0
70.13435,21.14424,16204.5284722,2.1
70.13358000000001,21.14377,16204.5298611,2.0
70.13233000000001,21.14395,16204.5326389,1.3
70.13096999999999,21.14501,16204.5347222,1.5
70.13028,21.1458,16204.5361111,1.9
70.1292,21.146910000000002,16204.5388889,1.6
70.12786,21.14835,16204.541666699999,1.0
70.12628000000001,21.15032,16204.5444444,1.3
70.1255,21.151329999999998,16204.5458333,0.7
70.12471,21.15236,16204.5479167,0.7
70.12323,21.153489999999998,16204.5506944,2.2
70.12231,21.15393,16204.552083300001,1.2
70.12163000000001,21.15416,16204.553472200001,1.5
70.11893,21.15459,16204.558333300001,1.5
70.11816,21.155260000000002,16204.5604167,1.2
70.11684,21.15693,16204.5631944,1.9
70.11555,21.15964,16204.5659722,1.3
70.11491,21.16094,16204.5673611,0.6
70.11433000000001,21.16205,16204.56875,1.0
70.11308000000001,21.163610000000002,16204.571527799999,0.6
70.11153,21.16539,16204.575,1.2
70.11055999999999,21.16641,16204.5770833,1.7
70.10963000000001,21.166929999999997,16204.5784722,1.6
70.10815,21.167460000000002,16204.58125,1.2
70.10728,21.16779,16204.583333300001,1.5
70.10608,21.16844,16204.5868056,1.5
70.10426,21.16929,16204.589583300001,1.1
70.10455,21.169179999999997,16204.5923611,3.2
70.10682,21.167839999999998,16204.5944444,3.2
70.10757,21.16755,16204.5958333,1.0
70.10776,21.167920000000002,16204.597916699999,0.9
70.10733,21.16958,16204.6020833,2.0
70.10741999999999,21.17041,16204.604166699999,0.7
70.10748000000001,21.17066,16204.60625,0.6
70.10665,21.17031,16204.6090278,1.8
70.10415,21.165329999999997,16204.611111100001,5.4
70.10033,21.15735,16204.6131944,5.3
70.09505,21.14645,16204.615972200001,6.0
70.09161,21.139689999999998,16204.6180556,5.5
70.07056,21.100720000000003,16204.6284722,7.0
70.06468000000001,21.0898,16204.63125,6.7
70.04826,21.05515,16204.6381944,6.8
70.03832,21.03029,16204.6430556,7.1
70.03284000000001,20.97824,16204.6590278,0.0
70.03278,20.97849,16204.673611100001,2.4
70.02943,20.968410000000002,16205.6993056,0.0
70.02943,20.968320000000002,16206.740972200001,0.0
70.02944000000001,20.9684,16207.7166667,0.0
70.0294,20.96836,16207.910416699999,0.0
70.02942,20.968510000000002,16208.4347222,0.0
70.0294,20.968420000000002,16208.5638889,0.0
70.02944000000001,20.96854,16208.6277778,0.0
70.02942,20.968329999999998,16208.693055599999,0.0
70.0294,20.96852,16209.3465278,0.0
70.02941,20.968320000000002,16209.6673611,0.0
70.02941,20.968420000000002,16210.3243056,0.0
70.02942,20.96848,16210.3875,0.0
70.0294,20.96838,16210.645833300001,0.0
70.02939,20.96836,16210.9041667,0.0
70.02938,20.96847,16211.3638889,0.0
70.02941,20.968410000000002,16211.5590278,0.0
70.02941,20.96839,16211.6840278,0.0
70.02942,20.968329999999998,16211.7520833,0.0
70.0294,20.96845,16211.88125,0.0
70.0294,20.96844,16212.4041667,0.0
70.02943,20.96844,16212.441666699999,0.0
70.0294,20.96844,16212.4694444,0.0
70.0294,20.968429999999998,16212.9222222,0.0
70.02937,20.96845,16213.638888899999,0.0
70.02943,20.9684,16213.7034722,0.0
70.0294,20.96835,16213.8340278,0.0
70.0294,20.968420000000002,16214.6166667,0.0
70.0294,20.968410000000002,16214.8104167,0.0
70.02942,20.968420000000002,16215.3986111,0.0
70.02941,20.968329999999998,16215.7215278,0.0
70.0321,20.98762,16216.0527778,5.9
70.03586999999999,21.01139,16216.05625,7.4
70.0387,21.02412,16216.0576389,7.4
70.04604,21.05163,16216.0618056,7.5
70.05845,21.09609,16216.068055599999,8.1
70.06348,21.11448,16216.0701389,7.9
70.06695,21.1273,16216.0722222,8.5
70.0999,21.16548,16216.1013889,1.8
70.1021,21.165329999999997,16216.1055556,0.9
70.10291,21.165229999999998,16216.1069444,1.5
70.10603,21.16453,16216.1131944,1.4
70.10745,21.16401,16216.1152778,1.8
70.12642,21.14067,16216.1541667,0.9
70.13369,21.129189999999998,16216.170138899999,1.2
70.17641,21.07783,16216.263888899999,0.9
70.18739000000001,21.073710000000002,16216.2861111,1.0
70.1889,21.07336,16216.2888889,1.2
70.19048000000001,21.07315,16216.2923611,1.2
70.20116,21.06877,16216.3131944,1.5
70.20206,21.06865,16216.3152778,0.5
70.2186,21.06258,16216.3666667,1.8
70.21852,21.05941,16216.3729167,2.8
70.21871,21.0617,16216.3763889,1.9
70.21791,21.06289,16216.3777778,2.2
70.21292,21.0651,16216.3826389,4.1
70.20961,21.06643,16216.3847222,3.4
70.2065,21.06771,16216.3875,2.2
70.20575,21.06794,16216.3895833,2.2
70.20477,21.06854,16216.3909722,1.4
70.20484,21.06832,16216.3930556,1.9
70.20697,21.06736,16216.3951389,3.4
70.20837,21.06699,16216.3965278,2.4
70.20918,21.06675,16216.3979167,1.0
70.20931999999999,21.066570000000002,16216.3993056,0.2
70.20925,21.06621,16216.400694400001,1.0
70.20778,21.06595,16216.4027778,1.2
70.20501,21.068089999999998,16216.4048611,5.0
70.20113,21.070870000000003,16216.4069444,4.4
70.1978,21.074360000000002,16216.4097222,2.8
70.19608000000001,21.07585,16216.4125,1.1
70.19397,21.07801,16216.416666699999,1.2
70.19309,21.078960000000002,16216.41875,1.4
70.19183000000001,21.08011,16216.4215278,1.4
70.18531,21.083660000000002,16216.4347222,1.6
70.18398,21.083779999999997,16216.4375,1.0
70.18264,21.08375,16216.4402778,1.7
70.1813,21.084120000000002,16216.4423611,1.3
70.18061999999999,21.08458,16216.44375,1.4
70.17999,21.08515,16216.4451389,1.6
70.17935,21.085729999999998,16216.446527799999,1.4
70.17796,21.08701,16216.4493056,1.2
70.17668,21.08801,16216.4520833,1.4
70.17415,21.089920000000003,16216.4569444,1.5
70.17278,21.09103,16216.459722200001,1.7
70.17148,21.09204,16216.4618056,1.6
70.17078000000001,21.09255,16216.463194400001,1.0
70.16975,21.09326,16216.4652778,1.5
70.16904,21.09382,16216.4666667,0.7
70.16824,21.0945,16216.46875,1.4
70.16689000000001,21.095470000000002,16216.4708333,1.0
70.16618000000001,21.09585,16216.4722222,1.2
70.16547,21.09621,16216.4736111,1.8
70.16475,21.09656,16216.475,1.5
70.16403000000001,21.09685,16216.4763889,1.1
70.16324,21.09722,16216.4784722,1.2
70.1618,21.0978,16216.48125,1.4
70.16042,21.09854,16216.4833333,1.5
70.15958,21.09936,16216.4854167,1.6
70.1583,21.10057,16216.4881944,1.2
70.15754,21.10129,16216.490972200001,1.5
70.15533,21.10345,16216.49375,1.0
70.15398,21.1049,16216.4965278,1.2
70.15068000000001,21.11305,16216.5048611,1.6
70.14976,21.116629999999997,16216.5076389,1.2
70.14864,21.11913,16216.510416699999,1.6
70.14746,21.1208,16216.5125,1.9
70.14683000000001,21.12162,16216.513888899999,1.4
70.14621,21.12246,16216.5152778,1.3
70.14559,21.12329,16216.5166667,1.0
70.145,21.12404,16216.5180556,1.0
70.14444,21.12477,16216.5194444,1.3
70.14384,21.12554,16216.520833300001,1.2
70.14322,21.12634,16216.522222200001,1.2
70.14249000000001,21.127229999999997,16216.5236111,0.8
70.14146,21.128610000000002,16216.5263889,0.8
70.14021,21.130470000000003,16216.5291667,1.4
70.13596,21.1371,16216.5388889,1.2
70.13469,21.13895,16216.541666699999,1.1
70.13338,21.14084,16216.5444444,1.6
70.13261,21.14167,16216.5458333,1.6
70.13174000000001,21.1425,16216.5479167,1.5
70.13024,21.14384,16216.5506944,1.3
70.12891,21.145210000000002,16216.553472200001,1.3
70.12724,21.14689,16216.556944400001,1.1
70.12494000000001,21.14882,16216.5611111,1.5
70.12420999999999,21.14931,16216.5625,1.2
70.12346,21.14971,16216.5638889,1.0
70.12193,21.1511,16216.566666699999,1.3
70.12061,21.1521,16216.5694444,1.2
70.11924,21.15319,16216.5722222,1.2
70.1179,21.15448,16216.575,1.0
70.1172,21.155279999999998,16216.576388899999,1.3
70.11655,21.15598,16216.5777778,1.0
70.11584,21.15673,16216.5791667,1.2
70.11518000000001,21.15683,16216.5805556,1.6
70.1136,21.15631,16216.5840278,1.3
70.11261,21.15571,16216.5854167,1.2
70.11192,21.15513,16216.5868056,1.6
70.11117,21.15495,16216.588194400001,1.1
70.11059,21.15638,16216.589583300001,1.5
70.1098,21.158360000000002,16216.5916667,1.2
70.10975,21.15932,16216.5944444,1.6
70.11116,21.15824,16216.5958333,1.7
70.11372,21.15595,16216.5986111,1.8
70.11468,21.15764,16216.6020833,2.6
70.11504000000001,21.1588,16216.604166699999,1.0
70.11549000000001,21.15989,16216.6069444,0.9
70.11554,21.16005,16216.6090278,0.5
70.11568,21.15977,16216.6104167,0.4
70.11236,21.152620000000002,16216.6125,6.7
70.10951999999999,21.1471,16216.6138889,6.8
70.10215,21.1337,16216.6173611,6.8
70.09716999999999,21.12429,16216.619444400001,7.1
70.07191,21.0829,16216.6298611,6.3
70.06873,21.07848,16216.63125,6.6
70.06342,21.07154,16216.6333333,6.3
70.06045999999999,21.06772,16216.6347222,6.4
70.05545,21.06064,16216.6368056,6.6
70.04888000000001,21.05116,16216.6395833,6.7
70.04522,21.04518,16216.6416667,5.3
70.04146999999999,21.03865,16216.64375,4.1
70.03922,21.03201,16216.645833300001,3.5
70.03688000000001,21.02553,16216.6479167,3.5
70.0341,21.016779999999997,16216.6513889,3.5
70.03262,20.97779,16216.6798611,0.6
70.03263000000001,20.97784,16216.6972222,0.9
70.03090999999999,20.97702,16217.0423611,5.8
70.03268,20.99459,16217.0444444,6.7
70.03558000000001,21.00862,16217.0465278,6.5
70.03891,21.02386,16217.0493056,6.4
70.04276999999999,21.04017,16217.0513889,7.1
70.04724,21.0553,16217.053472200001,7.7
70.05011,21.06101,16217.0548611,7.7
70.05395,21.0675,16217.05625,7.8
70.05996999999999,21.075570000000003,16217.058333300001,8.0
70.06406,21.08101,16217.0597222,8.1
70.07127,21.09119,16217.0625,8.1
70.08343,21.10548,16217.0659722,8.0
70.08684000000001,21.11045,16217.0673611,8.4
70.09402,21.12311,16217.0701389,8.1
70.10070999999999,21.13469,16217.0722222,8.1
70.10804,21.14457,16217.075,7.7
70.1133,21.14937,16217.0777778,2.9
70.11588,21.14882,16217.079861100001,0.7
70.11694,21.148789999999998,16217.0819444,0.8
70.12212,21.14615,16217.0854167,4.8
70.12637,21.14336,16217.088194400001,4.1
70.12875,21.14142,16217.089583300001,3.3
70.13094,21.13984,16217.0930556,1.0
70.13301,21.13811,16217.0972222,1.8
70.13509,21.13694,16217.1013889,0.4
70.13747,21.136,16217.1055556,1.7
70.13818,21.13577,16217.1069444,0.9
70.13892,21.13556,16217.1083333,0.8
70.13963000000001,21.13531,16217.1097222,1.2
70.14036,21.13505,16217.111111100001,1.5
70.14121999999999,21.1348,16217.1131944,0.5
70.14206999999999,21.13449,16217.114583300001,1.6
70.14281,21.13425,16217.115972200001,1.3
70.14404,21.13374,16217.1180556,0.5
70.14469,21.13338,16217.119444400001,1.1
70.14546999999999,21.13288,16217.120833300001,0.8
70.14613,21.132360000000002,16217.1222222,0.8
70.1469,21.13172,16217.1236111,1.0
70.1476,21.13105,16217.125,1.3
70.14843,21.13012,16217.1270833,1.4
70.14974000000001,21.12736,16217.1298611,1.8
70.15094,21.1244,16217.1326389,2.1
70.15155,21.12271,16217.134027799999,1.1
70.15211,21.12105,16217.135416699999,1.3
70.15361,21.11736,16217.138888899999,1.0
70.15418000000001,21.116220000000002,16217.1402778,1.6
70.15550999999999,21.11424,16217.1430556,2.0
70.15626999999999,21.1131,16217.1444444,0.9
70.15737,21.11147,16217.147222200001,0.4
70.1587,21.10954,16217.15,1.0
70.1596,21.1083,16217.1513889,1.0
70.16022,21.10759,16217.1527778,1.2
70.1609,21.10689,16217.1541667,2.3
70.1616,21.1062,16217.1555556,2.2
70.16230999999999,21.10551,16217.1569444,2.0
70.16277,21.10503,16217.1597222,0.6
70.16459,21.103479999999998,16217.161805599999,2.0
70.1655,21.102729999999998,16217.1631944,1.0
70.16623,21.1022,16217.1645833,2.5
70.16705,21.10165,16217.1659722,1.7
70.16776999999999,21.10107,16217.1673611,0.6
70.16946,21.09974,16217.1708333,1.5
70.17076,21.098779999999998,16217.173611100001,1.3
70.172,21.097939999999998,16217.1756944,1.4
70.17355,21.0962,16217.1791667,1.7
70.1749,21.09433,16217.181944400001,2.0
70.17556,21.09321,16217.183333300001,1.6
70.1762,21.09242,16217.1847222,1.0
70.17685999999999,21.091929999999998,16217.1861111,1.1
70.17752,21.09147,16217.1875,1.1
70.17820999999999,21.09103,16217.1888889,1.3
70.17952,21.09018,16217.191666699999,1.4
70.18091,21.089370000000002,16217.1944444,1.2
70.18156,21.08895,16217.1958333,1.5
70.18245999999999,21.08841,16217.197916699999,1.0
70.18503,21.08718,16217.2027778,1.2
70.18573,21.08694,16217.2041667,1.8
70.18642,21.08674,16217.2055556,1.6
70.18732,21.08653,16217.2076389,1.5
70.18806,21.086370000000002,16217.2090278,1.7
70.18909000000001,21.08622,16217.2111111,1.5
70.1904,21.0862,16217.2138889,1.6
70.1918,21.086660000000002,16217.2166667,1.5
70.19328,21.08764,16217.2194444,1.9
70.19466,21.088639999999998,16217.2215278,0.6
70.1953,21.08915,16217.222916699999,1.4
70.19619,21.08985,16217.225,1.7
70.19756,21.09056,16217.227777799999,0.9
70.19904,21.089270000000003,16217.2305556,2.1
70.20096,21.08483,16217.2347222,1.4
70.20226,21.07989,16217.2375,1.5
70.19861,21.07575,16217.239583300001,7.4
70.19261,21.074379999999998,16217.2416667,6.7
70.18828,21.07255,16217.24375,3.2
70.18605,21.07167,16217.2465278,2.8
70.18414,21.07214,16217.2486111,2.0
70.18314000000001,21.07311,16217.25,2.1
70.18223,21.07404,16217.2513889,1.4
70.1815,21.07447,16217.2527778,1.7
70.18066,21.07479,16217.254166699999,1.8
70.17984,21.07519,16217.25625,1.6
70.17820999999999,21.07566,16217.259027799999,1.2
70.1767,21.07641,16217.2618056,1.8
70.17519,21.07731,16217.2645833,1.5
70.17439,21.07776,16217.2659722,1.0
70.17335,21.0785,16217.2680556,1.0
70.17144,21.07984,16217.2715278,1.1
70.17081,21.08015,16217.2729167,0.8
70.17017,21.08041,16217.2743056,1.4
70.16946999999999,21.08074,16217.275694400001,1.0
70.16878,21.08107,16217.277083300001,1.8
70.16808,21.08154,16217.2784722,0.8
70.16739,21.08214,16217.2798611,1.5
70.16669,21.082829999999998,16217.28125,1.4
70.16588,21.083479999999998,16217.2826389,1.4
70.16518,21.08398,16217.2840278,1.4
70.16436,21.08455,16217.2861111,1.5
70.16293,21.08586,16217.2888889,1.6
70.16148000000001,21.08717,16217.291666699999,0.9
70.16008000000001,21.08871,16217.2944444,1.5
70.15872,21.09042,16217.2972222,1.2
70.1574,21.09241,16217.3,1.4
70.15572,21.09528,16217.303472200001,1.7
70.15441,21.09735,16217.30625,1.1
70.15318,21.09945,16217.3090278,1.3
70.15191999999999,21.10165,16217.3118056,1.6
70.15059000000001,21.104020000000002,16217.3145833,1.6
70.14896,21.10683,16217.318055599999,1.4
70.14769,21.10913,16217.3208333,1.4
70.14693,21.11075,16217.3222222,1.8
70.14579,21.113120000000002,16217.325,1.4
70.14457,21.11571,16217.3277778,1.0
70.14343000000001,21.11824,16217.3305556,1.7
70.14231,21.120829999999998,16217.3326389,1.3
70.14175999999999,21.12204,16217.3340278,1.3
70.14121,21.12323,16217.3354167,1.1
70.14061,21.1245,16217.3368056,1.5
70.13999,21.12581,16217.338194400001,1.3
70.13869,21.12775,16217.3409722,1.5
70.13776,21.1284,16217.3423611,1.6
70.13696999999999,21.12886,16217.34375,1.6
70.13611,21.12891,16217.3451389,2.0
70.13528000000001,21.12893,16217.3465278,1.4
70.13458,21.12966,16217.347916699999,1.3
70.13393,21.13089,16217.349305599999,1.4
70.13333,21.1321,16217.3506944,1.1
70.13275,21.133370000000003,16217.3520833,1.4
70.13229,21.13457,16217.3534722,1.3
70.13274,21.13425,16217.3548611,2.0
70.13503,21.131079999999997,16217.357638899999,2.9
70.13654,21.12881,16217.3604167,0.0
70.1367,21.12929,16217.3618056,1.1
70.13710999999999,21.13071,16217.3631944,1.0
70.1373,21.1312,16217.365972200001,0.6
70.13766,21.132360000000002,16217.36875,0.8
70.13754,21.13259,16217.370833300001,3.8
70.13126,21.14313,16217.3729167,8.2
70.12453000000001,21.15077,16217.375,8.4
70.12106,21.156660000000002,16217.3777778,1.5
70.12315,21.15595,16217.380555599999,1.4
70.1242,21.15514,16217.3819444,1.0
70.12765999999999,21.15117,16217.3847222,5.1
70.13377,21.1428,16217.3881944,3.3
70.13486999999999,21.14149,16217.3902778,1.3
70.13575,21.140539999999998,16217.3916667,1.0
70.13641,21.13983,16217.3930556,0.9
70.1371,21.139110000000002,16217.3944444,1.4
70.13778,21.13841,16217.395833300001,1.1
70.13846,21.13774,16217.397222200001,1.1
70.13924,21.13695,16217.3986111,1.0
70.14009,21.13622,16217.400694400001,1.2
70.14149,21.13578,16217.4034722,1.6
70.14251,21.1363,16217.4048611,1.0
70.14324,21.13676,16217.40625,1.4
70.14404,21.1372,16217.4083333,1.3
70.14542,21.13769,16217.4111111,1.4
70.14635,21.13787,16217.4131944,1.4
70.14764,21.13729,16217.4159722,0.9
70.14893000000001,21.136689999999998,16217.41875,0.9
70.15023000000001,21.134079999999997,16217.4215278,1.5
70.15131,21.13121,16217.4243056,1.3
70.15196999999999,21.12916,16217.4256944,1.6
70.15268,21.12645,16217.4277778,1.1
70.1535,21.12196,16217.43125,1.8
70.15414,21.11794,16217.4340278,1.6
70.15464,21.114,16217.4368056,1.2
70.15538000000001,21.11027,16217.4395833,1.2
70.15687,21.10587,16217.44375,1.2
70.15755,21.10426,16217.4458333,1.1
70.15983,21.09925,16217.451388899999,1.6
70.16046999999999,21.09765,16217.4534722,1.8
70.16103000000001,21.096239999999998,16217.454861100001,0.8
70.16099,21.09357,16217.45625,2.2
70.15686,21.09287,16217.4590278,6.1
70.15218,21.0979,16217.4611111,5.6
70.14865999999999,21.10247,16217.463194400001,3.6
70.14624,21.10685,16217.4659722,2.0
70.14498,21.10997,16217.4680556,1.3
70.14444,21.11149,16217.4694444,1.3
70.14394,21.11301,16217.4708333,1.2
70.14345,21.1145,16217.4722222,1.5
70.14301,21.11589,16217.4736111,1.0
70.14236,21.11703,16217.475,1.1
70.1418,21.11778,16217.4763889,1.3
70.14119000000001,21.11844,16217.477777799999,1.3
70.14056,21.11903,16217.479166699999,1.0
70.13991999999999,21.1196,16217.4805556,1.2
70.13874,21.120720000000002,16217.4833333,0.9
70.13755,21.12225,16217.486111100001,1.1
70.13638,21.1239,16217.4881944,1.2
70.13573000000001,21.12448,16217.489583300001,1.4
70.13506,21.12499,16217.490972200001,1.2
70.13484,21.12515,16217.4930556,1.3
70.1328,21.12658,16217.495833300001,1.2
70.13214,21.12696,16217.4972222,1.2
70.13134000000001,21.12734,16217.4986111,1.1
70.13072,21.12765,16217.5,1.2
70.12997,21.12787,16217.5013889,1.2
70.12928000000001,21.12807,16217.5027778,1.4
70.12865,21.12827,16217.504166699999,1.1
70.12775,21.129170000000002,16217.50625,1.2
70.12656,21.130979999999997,16217.509027799999,1.6
70.12536999999999,21.13327,16217.5118056,1.0
70.12411,21.13574,16217.5145833,1.1
70.12355,21.136870000000002,16217.5159722,1.1
70.12302,21.13789,16217.517361100001,1.1
70.12245,21.13896,16217.51875,1.2
70.12196999999999,21.14038,16217.5201389,1.4
70.12144,21.14218,16217.5215278,1.2
70.12084,21.14486,16217.5236111,1.5
70.12048,21.146710000000002,16217.525,1.7
70.12011,21.14856,16217.5263889,1.1
70.11976999999999,21.15046,16217.5277778,0.9
70.11943000000001,21.15245,16217.5298611,1.3
70.11861,21.15541,16217.5326389,0.9
70.11752,21.15718,16217.5347222,1.4
70.11686999999999,21.1579,16217.5361111,0.8
70.11617,21.15854,16217.5381944,0.9
70.11491,21.15951,16217.540277799999,1.1
70.11423,21.160020000000003,16217.541666699999,1.2
70.11350999999999,21.16054,16217.54375,1.1
70.11214,21.16166,16217.5465278,1.0
70.11088000000001,21.16272,16217.5493056,1.1
70.10949000000001,21.16316,16217.552083300001,1.6
70.10803,21.162770000000002,16217.5548611,1.2
70.10659,21.162670000000002,16217.5576389,1.4
70.10521999999999,21.162770000000002,16217.5604167,1.2
70.10385,21.16264,16217.5631944,1.3
70.10249,21.16218,16217.5659722,1.3
70.10125,21.16153,16217.568055599999,1.1
70.10056999999999,21.16124,16217.5694444,1.4
70.09985,21.16076,16217.571527799999,1.0
70.09855999999999,21.160020000000003,16217.5736111,1.0
70.09789,21.15982,16217.575,1.2
70.09725,21.15965,16217.576388899999,1.2
70.09656,21.159470000000002,16217.5777778,1.2
70.09572,21.15926,16217.579861100001,1.4
70.09435,21.15962,16217.5826389,1.3
70.093,21.16045,16217.5854167,1.3
70.0916,21.16147,16217.588194400001,1.3
70.09038000000001,21.16234,16217.5909722,1.3
70.08904,21.163729999999997,16217.5930556,1.4
70.08834,21.16452,16217.5944444,1.6
70.08785999999999,21.16532,16217.5958333,1.2
70.08784,21.1659,16217.5972222,1.4
70.0898,21.16571,16217.6,2.0
70.09151,21.16514,16217.602777799999,0.4
70.09179,21.16629,16217.6048611,2.3
70.0918,21.16785,16217.60625,0.9
70.09178,21.1687,16217.607638899999,0.6
70.09178,21.1715,16217.6104167,0.2
70.09156999999999,21.172629999999998,16217.6131944,0.1
70.08972,21.16756,16217.6152778,5.5
70.08598,21.15746,16217.6173611,5.4
70.08391999999999,21.15193,16217.61875,5.5
70.08048000000001,21.14251,16217.620833300001,5.7
70.07703000000001,21.13285,16217.6229167,5.7
70.07169,21.11747,16217.6263889,5.8
70.06752,21.10555,16217.6284722,6.1
70.06544,21.09955,16217.6298611,5.9
70.06177,21.08894,16217.6319444,5.8
70.05827,21.07883,16217.634027799999,5.7
70.05456,21.0682,16217.6361111,6.0
70.05244,21.06219,16217.6375,7.2
70.04741999999999,21.04999,16217.6395833,7.5
70.0427,21.038429999999998,16217.6416667,7.4
70.03793,21.02711,16217.64375,7.5
70.03458,21.0122,16217.645833300001,7.5
70.0331,21.00239,16217.647222200001,7.4
70.03197,20.98473,16217.65,4.7
70.03281,20.978089999999998,16217.6527778,0.0
70.03237,20.97784,16217.6673611,0.6
70.03246,20.9796,16217.670138899999,0.2
70.03251999999999,20.97905,16217.6875,0.2
70.03246,20.97806,16217.69375,1.6
70.03153,20.97736,16217.7041667,5.4
70.02941,20.968429999999998,16218.3291667,0.0
70.02941,20.968429999999998,16219.370833300001,0.0
70.02941,20.96845,16219.4326389,0.0
70.02939,20.968410000000002,16219.4972222,0.0
70.02943,20.96849,16219.5625,0.0
70.03106,20.9768,16219.6319444,5.1
70.03368,20.98583,16219.634027799999,3.1
70.03459000000001,20.9881,16219.635416699999,1.3
70.03472,20.98837,16219.6368056,0.2
70.03532,20.98909,16219.6513889,0.0
70.03532,20.98901,16219.665277799999,0.0
70.03532,20.98914,16219.6798611,0.0
70.03531,20.989079999999998,16219.696527799999,0.0
70.03532,20.989079999999998,16219.7104167,0.0
70.03522,20.9885,16219.7215278,3.6
70.03169,20.97906,16219.7236111,5.8
70.031,20.978,16220.0430556,5.3
70.03208000000001,20.991410000000002,16220.045138899999,5.6
70.03357,21.0045,16220.0472222,5.5
70.03621,21.01985,16220.0493056,6.5
70.0396,21.03581,16220.0513889,7.4
70.04648,21.05051,16220.0541667,7.4
70.04929,21.05658,16220.0555556,7.6
70.05499,21.06874,16220.0576389,7.5
70.05843,21.075979999999998,16220.0590278,7.6
70.06181,21.08326,16220.0604167,7.7
70.06461999999999,21.08915,16220.0618056,7.7
70.07027,21.10044,16220.0638889,7.7
70.08313000000001,21.12078,16220.06875,7.3
70.08824,21.12647,16220.0708333,7.3
70.09404,21.13297,16220.072916699999,7.5
70.09984,21.13898,16220.075,7.5
70.10665,21.143710000000002,16220.0770833,7.6
70.11381999999999,21.14401,16220.079861100001,7.7
70.11758,21.14198,16220.0826389,2.5
70.11893,21.141289999999998,16220.084722200001,1.5
70.12105,21.13978,16220.0875,3.8
70.12959000000001,21.13308,16220.0923611,4.3
70.13239,21.13092,16220.0944444,1.4
70.13322,21.130329999999997,16220.0965278,2.4
70.13422,21.12951,16220.097916699999,1.3
70.13525,21.12871,16220.1,1.4
70.13596,21.1281,16220.1013889,1.2
70.1367,21.12752,16220.102777799999,1.1
70.1386,21.126170000000002,16220.10625,1.2
70.13984,21.12536,16220.1090278,1.5
70.14071,21.12473,16220.1104167,1.4
70.14196,21.1238,16220.1125,1.0
70.1427,21.12325,16220.1138889,1.3
70.14339,21.12271,16220.1152778,1.1
70.14631,21.12098,16220.120833300001,1.6
70.14779,21.12004,16220.1236111,1.3
70.1507,21.11798,16220.1284722,1.3
70.15141,21.11711,16220.1298611,1.6
70.15221,21.1162,16220.1319444,1.2
70.15355,21.11469,16220.134027799999,1.2
70.15446,21.1137,16220.1361111,1.1
70.15524,21.112679999999997,16220.1375,1.5
70.15586,21.11194,16220.138888899999,1.3
70.15656,21.11114,16220.1402778,1.3
70.15724,21.110329999999998,16220.1416667,1.2
70.1586,21.10882,16220.1444444,1.3
70.15979,21.10748,16220.1465278,1.4
70.16065,21.10657,16220.1486111,1.5
70.16204,21.10501,16220.1513889,1.3
70.16378,21.10332,16220.1541667,1.4
70.16535,21.10164,16220.1569444,1.5
70.16623,21.10075,16220.1590278,1.2
70.1676,21.09948,16220.161805599999,1.3
70.17326,21.09538,16220.1729167,1.5
70.17397,21.094920000000002,16220.1743056,1.2
70.17503,21.09433,16220.1763889,1.6
70.17574,21.093989999999998,16220.1777778,1.2
70.17645999999999,21.0936,16220.1791667,1.1
70.17716999999999,21.09321,16220.1805556,1.1
70.17793,21.09311,16220.181944400001,1.3
70.17939,21.09331,16220.1847222,1.2
70.18235,21.09494,16220.1902778,1.2
70.18385,21.09575,16220.193055599999,1.1
70.18459,21.095979999999997,16220.1944444,1.4
70.18544,21.09618,16220.196527799999,1.1
70.18633,21.096529999999998,16220.197916699999,1.1
70.18738,21.096989999999998,16220.2,1.3
70.18808,21.09715,16220.201388899999,1.1
70.18901,21.09708,16220.2034722,1.4
70.19028,21.09668,16220.2055556,1.1
70.19102,21.0964,16220.2076389,0.9
70.19248,21.09561,16220.2104167,1.4
70.19388000000001,21.095370000000003,16220.213194400001,1.2
70.19492,21.09542,16220.2152778,1.1
70.19651999999999,21.0956,16220.2180556,1.1
70.19739,21.0945,16220.2201389,1.7
70.19936,21.08896,16220.224305599999,1.7
70.2001,21.08618,16220.2263889,1.6
70.19828000000001,21.08225,16220.2284722,7.4
70.19239,21.08059,16220.2305556,6.7
70.18758000000001,21.07862,16220.232638899999,4.5
70.18584,21.07776,16220.2340278,2.4
70.18449,21.07714,16220.2354167,2.6
70.18333,21.07571,16220.2368056,2.1
70.18243000000001,21.07568,16220.2381944,1.5
70.18166,21.07594,16220.239583300001,1.4
70.1809,21.07626,16220.240972200001,1.4
70.18008,21.076539999999998,16220.2423611,1.3
70.17902,21.07687,16220.244444400001,1.4
70.17805,21.07701,16220.245833300001,1.3
70.17736,21.07718,16220.2472222,1.3
70.1766,21.07714,16220.2486111,1.5
70.17586,21.07712,16220.25,1.4
70.1725,21.07724,16220.25625,1.5
70.17061,21.07715,16220.2597222,1.6
70.16911,21.07733,16220.2625,1.3
70.16766,21.07745,16220.2645833,1.2
70.16689000000001,21.077460000000002,16220.2666667,1.3
70.16554000000001,21.077560000000002,16220.26875,1.3
70.16483000000001,21.07753,16220.2701389,1.2
70.16416,21.07752,16220.2715278,1.6
70.16343,21.077579999999998,16220.2729167,1.5
70.16202,21.07785,16220.275694400001,1.1
70.16053000000001,21.0781,16220.2784722,1.2
70.15915,21.07959,16220.28125,1.3
70.15788,21.08222,16220.2833333,1.3
70.1572,21.08371,16220.2847222,1.6
70.15656,21.08526,16220.2861111,1.5
70.15598,21.08671,16220.2875,1.5
70.15536999999999,21.08821,16220.2888889,1.2
70.15476,21.089679999999998,16220.290277799999,1.4
70.15405,21.09139,16220.2923611,1.2
70.15292,21.09404,16220.2944444,1.4
70.15229000000001,21.09538,16220.2958333,1.3
70.1517,21.09664,16220.2972222,1.2
70.15109,21.097920000000002,16220.298611100001,1.4
70.15047,21.099220000000003,16220.3,1.2
70.14990999999999,21.10052,16220.3013889,1.4
70.14935,21.10173,16220.3027778,1.4
70.1487,21.103170000000002,16220.3041667,1.3
70.14811999999999,21.104589999999998,16220.3055556,1.2
70.14754,21.10606,16220.306944400001,1.3
70.14695,21.107470000000003,16220.308333300001,1.5
70.14578,21.110210000000002,16220.3111111,1.4
70.14464,21.113129999999998,16220.3138889,1.4
70.14341,21.11608,16220.316666699999,1.1
70.14216,21.118170000000003,16220.3194444,1.1
70.14081999999999,21.1201,16220.3222222,1.3
70.1395,21.1221,16220.3243056,1.3
70.13880999999999,21.123070000000002,16220.3256944,1.2
70.13811,21.12409,16220.3270833,1.4
70.13744,21.12517,16220.3284722,1.5
70.13672,21.12614,16220.329861100001,1.3
70.13622,21.1271,16220.33125,0.5
70.13676,21.12655,16220.3326389,1.3
70.13757,21.12507,16220.3340278,2.1
70.1392,21.12207,16220.3368056,0.9
70.13939,21.1218,16220.339583300001,0.6
70.13866,21.12276,16220.3430556,0.7
70.1385,21.12254,16220.3444444,0.1
70.138,21.12247,16220.349305599999,3.4
70.13405999999999,21.118479999999998,16220.3520833,5.2
70.12999,21.11422,16220.354166699999,5.3
70.12603,21.1099,16220.35625,5.2
70.12161,21.105339999999998,16220.3583333,6.5
70.11636,21.10005,16220.3604167,6.2
70.11034000000001,21.09385,16220.3631944,6.2
70.10516,21.08869,16220.3652778,6.3
70.09998,21.08315,16220.3673611,6.2
70.09505,21.078110000000002,16220.369444400001,6.2
70.08995999999999,21.0729,16220.3715278,6.1
70.08424000000001,21.067339999999998,16220.3743056,6.3
70.07635,21.05963,16220.3770833,6.4
70.07044,21.053910000000002,16220.3798611,6.4
70.06407,21.04797,16220.3819444,7.1
70.05933,21.043689999999998,16220.384027799999,7.1
70.05351,21.0374,16220.3861111,6.9
70.04786999999999,21.03117,16220.3881944,6.8
70.04168,21.023000000000003,16220.3902778,7.9
70.03875,21.017310000000002,16220.3916667,8.0
70.03405,21.00198,16220.39375,7.9
70.03358,20.98534,16220.3965278,5.2
70.03520999999999,20.9817,16220.411805599999,0.0
70.03517,20.98166,16220.4256944,0.0
70.03518000000001,20.98173,16220.4395833,0.0
70.03516,20.9817,16220.4534722,0.0
70.03519,20.98165,16220.4673611,0.0
70.03516,20.98163,16220.4819444,0.0
70.03516,20.98169,16220.4979167,0.0
70.03516,20.98165,16220.5118056,0.0
70.03517,20.9816,16220.525694400001,0.0
70.03519,20.98166,16220.5395833,0.0
70.03518000000001,20.98167,16220.5555556,0.0
70.03519,20.98165,16220.5722222,0.0
70.03479,20.985139999999998,16220.583333300001,5.8
70.03528,20.98924,16220.584722200001,0.3
70.03531,20.98915,16220.599305599999,0.0
70.03529,20.98915,16220.6131944,0.0
70.03532,20.98904,16220.6270833,0.0
70.03531,20.9891,16220.6409722,0.0
70.03528,20.98919,16220.6555556,0.0
70.03532,20.98911,16220.6715278,0.0
70.03533,20.98907,16220.6854167,0.0
70.03532,20.98903,16220.7006944,0.0
70.03536,20.98901,16220.7152778,0.0
70.03529,20.98924,16220.755555599999,0.0
70.0353,20.98915,16220.772222200001,0.0
70.03532,20.98917,16220.7958333,0.0
70.0352,20.98868,16220.798611100001,2.5
70.03133000000001,20.97746,16220.8006944,6.0
70.0294,20.968429999999998,16220.861111100001,0.0
70.02943,20.968420000000002,16220.9256944,0.0
70.0294,20.9684,16221.7694444,0.0
