lat,long,time,speed
35.13515,119.3906,16193.1229167,6.2
35.13586,119.4012,16193.1263889,6.2
35.13531,119.4075,16193.129166699999,6.0
35.1324,119.4176,16193.1319444,6.4
35.129290000000005,119.4249,16193.1347222,5.6
35.12293,119.441,16193.1409722,5.7
35.10235,119.4953,16193.1611111,6.7
35.09553,119.5493,16193.1777778,6.4
35.09322,119.565,16193.181944400001,6.7
35.09178,119.5786,16193.1868056,6.7
35.08956,119.5893,16193.1902778,6.6
35.08801,119.6026,16193.1944444,6.4
35.086729999999996,119.6139,16193.197916699999,6.6
35.08272,119.6331,16193.2041667,6.1
35.0813,119.6395,16193.20625,6.5
35.078179999999996,119.6845,16193.2208333,6.5
35.07228,119.7189,16193.23125,7.8
35.07125,119.7396,16193.236111100001,7.5
35.07128,119.7576,16193.2416667,7.7
35.07134,119.7782,16193.2472222,7.7
35.0737,119.8168,16193.2576389,7.8
35.07424,119.8244,16193.260416699999,7.4
35.07484,119.8369,16193.2631944,6.7
35.08392,119.8811,16193.275694400001,7.7
35.10396,119.9626,16193.3076389,6.2
35.10752,119.9284,16193.3618056,7.8
35.107890000000005,119.9068,16193.3673611,7.9
35.11061,119.8819,16193.3736111,8.1
35.110690000000005,119.8135,16193.3909722,8.0
35.111259999999994,119.8053,16193.3930556,7.2
35.1108,119.7944,16193.3965278,8.1
35.107690000000005,119.7619,16193.4048611,8.3
35.10638,119.7403,16193.410416699999,7.7
35.10536,119.7212,16193.4145833,7.9
35.10497,119.7101,16193.4173611,8.3
35.10244,119.6663,16193.4291667,8.0
35.10029,119.5304,16193.4638889,7.5
35.09998,119.5198,16193.4673611,7.1
35.116890000000005,119.4512,16193.4875,7.4
35.135709999999996,119.3896,16193.5069444,7.2
35.13423,119.3848,16194.2,7.2
35.1361,119.3972,16194.2027778,6.8
35.118990000000004,119.4458,16194.2180556,7.7
35.116890000000005,119.4529,16194.2201389,7.3
35.11388,119.4622,16194.2236111,7.0
35.11124,119.4718,16194.2263889,7.8
35.09968,119.5237,16194.240972200001,7.4
35.09738,119.552,16194.2493056,7.8
35.09384,119.6309,16194.2701389,7.4
35.07966,120.0742,16194.8993056,2.2
35.078720000000004,120.0652,16194.9347222,4.4
35.0657,120.0854,16194.95625,1.7
35.04351,120.1135,16195.71875,6.7
35.0466,120.0888,16195.786805599999,2.4
35.05025,120.0959,16195.79375,2.2
35.056059999999995,120.1045,16195.8041667,2.0
35.06221,120.0579,16196.541666699999,2.1
35.05643,120.0485,16196.5541667,1.4
35.08124,120.0819,16196.6395833,2.8
35.147059999999996,119.9356,16196.9541667,6.5
35.08612,119.9937,16198.673611100001,1.8
35.13037,119.4209,16202.30625,7.9
35.08928,119.5521,16202.3465278,7.5
35.08569,119.6439,16202.3715278,7.6
35.09596,120.016,16203.615972200001,2.3
35.105579999999996,120.0231,16203.6298611,2.3
35.10655,120.0237,16203.6375,2.6
35.07575,119.92299999999999,16203.816666699999,5.4
35.067809999999994,119.9077,16203.8326389,2.2
35.06025,119.8939,16203.8423611,2.8
35.11506,119.8823,16203.9361111,5.3
35.159259999999996,120.0345,16205.8194444,2.4
35.14744,119.9882,16205.8604167,2.0
35.14547,119.9819,16205.8652778,2.1
35.14083,119.9688,16205.8770833,2.1
35.14001,119.9665,16205.8826389,2.5
35.10926,120.0131,16205.9256944,6.6
35.11926,120.0587,16206.0263889,0.3
35.08502,120.0031,16206.5395833,3.5
35.12745,119.9929,16206.9215278,2.5
35.14008,120.0607,16207.411805599999,5.7
35.14008,120.0607,16207.411805599999,5.7
35.10628,120.0245,16207.517361100001,6.7
35.118959999999994,119.9968,16207.527083300001,6.7
35.10853,120.02799999999999,16207.571527799999,2.1
35.1083,120.0343,16207.5770833,1.8
35.09879,120.0388,16207.6576389,2.8
35.10044,120.0413,16207.660416699999,2.2
35.10369,120.0461,16207.6659722,2.2
35.10411,120.0467,16207.6673611,2.1
35.15125,119.9907,16207.8819444,2.7
35.15097,119.988,16207.884027799999,2.7
35.14992,119.9799,16207.8902778,2.9
35.15122,119.9042,16207.9527778,0.0
35.13986,120.0255,16208.4576389,2.2
35.13915,120.0233,16208.459722200001,2.2
35.138000000000005,120.0198,16208.463194400001,2.3
35.13749,120.0184,16208.4652778,2.2
35.133790000000005,120.0083,16208.4756944,2.1
35.1318,120.00399999999999,16208.4798611,1.9
35.12603,119.9841,16208.5347222,7.1
35.14314,120.0705,16208.7270833,2.4
35.1479,120.0753,16208.7340278,2.4
35.15325,120.0804,16208.7416667,2.2
35.15546,120.0825,16208.744444400001,2.0
35.15865,120.0854,16208.7493056,2.2
35.153259999999996,120.0861,16208.7652778,6.4
35.13964,120.0424,16208.8194444,1.9
35.1432,120.0376,16208.8256944,2.0
35.15018,120.0295,16208.8368056,2.2
35.15217,119.9243,16208.895833300001,8.8
35.133109999999995,119.8267,16208.9194444,8.4
35.115970000000004,119.6723,16208.9569444,8.3
35.112770000000005,119.6377,16208.9659722,8.4
35.0985,119.5247,16208.99375,8.3
35.10152,119.4519,16209.013888899999,7.0
35.12715,119.4216,16209.027083300001,7.2
35.13159,119.4167,16209.0291667,6.9
35.1351,119.4075,16209.0319444,7.9
35.13523,119.3917,16209.0361111,7.4
35.13837,119.3762,16209.0645833,0.0
35.132020000000004,119.3794,16210.14375,6.1
35.136309999999995,119.3915,16210.1479167,6.6
35.13774,119.4082,16210.1534722,5.8
35.13425,119.4188,16210.1576389,6.4
35.12777,119.4299,16210.1625,6.8
35.11385,119.4574,16210.1722222,7.0
35.11176,119.4643,16210.1743056,7.3
35.10168,119.4968,16210.1840278,7.2
35.0996,119.5091,16210.1875,7.5
35.09675,119.5497,16210.1986111,7.2
35.093959999999996,119.6317,16210.2222222,7.5
35.09082,119.6865,16210.236111100001,7.8
35.117979999999996,120.0354,16210.7493056,2.5
35.16935,120.1138,16210.8631944,2.2
35.172290000000004,120.1153,16210.8666667,2.3
35.17522,120.1165,16210.870833300001,2.3
35.178090000000005,120.1179,16210.8736111,2.2
35.17778,120.0832,16210.9493056,5.4
35.13478,120.1011,16211.3993056,5.9
35.12291,120.09299999999999,16211.4041667,5.8
35.11688,120.0894,16211.4076389,6.1
35.115990000000004,120.0843,16211.4138889,1.9
35.11679,120.0837,16211.4159722,2.2
35.12363,120.0797,16211.423611100001,2.3
35.12766,120.07700000000001,16211.4298611,1.8
35.1312,120.0748,16211.4347222,2.1
35.13579,120.0717,16211.4409722,1.9
35.14203,120.0677,16211.4493056,1.9
35.14351,120.0666,16211.4520833,1.9
35.14669,120.0636,16211.45625,2.0
35.15071,120.0576,16211.4638889,1.9
35.155640000000005,120.0424,16211.5423611,2.2
35.145309999999995,120.0285,16211.5590278,2.1
35.12758,120.0098,16211.5854167,2.1
35.125009999999996,120.0081,16211.589583300001,2.2
35.12246,120.0063,16211.5930556,2.1
35.10145,119.9867,16211.6763889,2.1
35.08699,120.0567,16211.7618056,0.7
35.101259999999996,120.0231,16211.775694400001,6.2
35.11039,119.9909,16211.786805599999,6.5
35.11143,119.9824,16211.7895833,6.3
35.11724,119.9838,16211.795138899999,2.2
35.12528,119.9973,16211.8104167,2.2
35.13146,120.0066,16211.821527799999,2.2
35.13435,120.0103,16211.826388899999,2.2
35.13811,120.0151,16211.8326389,2.1
35.1396,120.0173,16211.8354167,2.0
35.160759999999996,120.0415,16211.870833300001,2.1
35.1725,120.0601,16211.8986111,7.7
35.18087,120.0822,16211.9034722,7.8
35.165929999999996,120.0719,16212.11875,0.2
35.16695,120.0735,16212.339583300001,0.2
35.166940000000004,120.0736,16212.36875,0.5
35.16352,120.0712,16212.3965278,6.0
35.15905,120.0683,16212.3986111,6.1
35.143359999999994,120.0612,16212.40625,6.0
35.12935,120.06200000000001,16212.4111111,6.4
35.123090000000005,120.06200000000001,16212.4194444,2.1
35.12492,120.0622,16212.4215278,2.1
35.14008,120.0646,16212.4388889,2.0
35.151759999999996,120.0656,16212.4534722,2.2
35.155609999999996,120.0656,16212.4576389,2.1
35.16085,120.0655,16212.463194400001,1.9
35.16488,120.0652,16212.4680556,1.9
35.169540000000005,120.0641,16212.474305599999,2.0
35.17127,120.0636,16212.4763889,2.2
35.17357,120.0628,16212.479166699999,2.0
35.17633,120.0617,16212.482638899999,2.0
35.17961,120.0601,16212.4875,0.3
35.18073,120.0708,16212.504166699999,7.1
35.17392,120.0873,16212.509027799999,6.9
35.16369,120.0927,16212.5166667,1.8
35.160509999999995,120.0863,16212.525,2.1
35.15903,120.0816,16212.5305556,2.0
35.158390000000004,120.0788,16212.5326389,1.8
35.158390000000004,120.0788,16212.5347222,1.8
35.15677,120.0684,16212.5423611,2.3
35.155559999999994,120.0598,16212.5506944,2.2
35.15444,120.0554,16212.5555556,2.3
35.153659999999995,120.0525,16212.5576389,2.2
35.15242,120.0481,16212.5618056,2.2
35.15108,120.0438,16212.5673611,2.1
35.14593,120.0241,16212.5854167,2.4
35.14477,120.0206,16212.588194400001,2.3
35.142990000000005,120.0158,16212.59375,2.3
35.105779999999996,120.0205,16212.7055556,1.6
35.09672,120.0184,16212.7388889,6.7
35.09768,120.0026,16212.7416667,6.3
35.09961,119.9743,16212.7513889,2.2
35.10293,119.9847,16212.7611111,2.2
35.10485,119.9901,16212.7659722,2.3
35.11197,120.0081,16212.785416699999,2.3
35.114259999999994,120.0142,16212.791666699999,2.2
35.116620000000005,120.0204,16212.7972222,2.1
35.12532,120.0428,16212.8208333,2.0
35.12689,120.0469,16212.825,2.6
35.12957,120.0536,16212.8326389,1.9
35.1332,120.0632,16212.8416667,1.9
35.13572,120.0699,16212.8486111,2.1
35.13921,120.0787,16212.8583333,2.2
35.140229999999995,120.0815,16212.861111100001,2.2
35.1457,120.0885,16212.8930556,6.8
35.15113,120.0793,16212.8965278,6.9
35.167,120.0848,16212.9659722,0.1
35.16619,120.0836,16213.0840278,0.0
35.16422,120.0798,16213.3868056,5.9
35.122890000000005,120.0232,16213.4145833,6.1
35.10443,120.0163,16213.423611100001,5.0
35.09988,120.0137,16213.427083300001,5.1
35.11352,120.024,16213.443055599999,2.8
35.11677,120.0239,16213.4618056,2.9
35.13575,120.0257,16213.4881944,1.8
35.16595,120.0289,16213.5236111,2.2
35.196090000000005,119.9164,16213.6118056,7.0
35.1815,119.7913,16213.6493056,6.8
35.180240000000005,119.758,16213.6590278,8.7
35.17694,119.7229,16213.6694444,7.6
35.17023,119.6309,16213.6972222,6.5
35.17031,119.6227,16213.7006944,7.4
35.17383,119.5845,16213.7118056,5.6
35.17677,119.5458,16213.7236111,6.5
35.1766,119.4996,16213.7368056,6.5
35.17665,119.4848,16213.740972200001,7.4
35.17558,119.4682,16213.7465278,6.8
35.15352,119.4091,16213.7659722,6.7
35.133390000000006,119.3841,16215.2993056,7.4
35.13548,119.4012,16215.3041667,7.0
35.13324,119.4172,16215.3090278,7.0
35.13041,119.4239,16215.3111111,7.7
35.126529999999995,119.4329,16215.3138889,7.1
35.122209999999995,119.4417,16215.3173611,7.0
35.117909999999995,119.45,16215.3201389,7.4
35.1127,119.4611,16215.322916699999,7.5
35.103429999999996,119.4864,16215.33125,6.9
35.09701,119.5285,16215.3444444,8.0
35.09493,119.5565,16215.3506944,7.3
35.09233,119.5795,16215.3569444,7.2
35.089209999999994,119.6413,16215.3736111,6.8
35.089259999999996,119.6518,16215.3770833,7.7
35.088390000000004,119.6859,16215.3861111,7.5
35.087920000000004,119.7671,16215.4069444,8.4
35.08648,119.8148,16215.4194444,8.2
35.08712,119.8852,16215.4375,7.8
35.099109999999996,119.9555,16215.464583300001,2.5
35.10071,119.959,16215.4680556,2.5
35.10305,119.9641,16215.472916699999,2.4
35.104820000000004,119.9683,16215.4770833,2.2
35.10538,119.9697,16215.479166699999,2.2
35.10818,119.9769,16215.4854167,2.2
35.11003,119.9817,16215.4902778,2.1
35.1121,119.9873,16215.495833300001,2.3
35.11843,120.0052,16215.5152778,2.0
35.119820000000004,120.009,16215.5194444,2.0
35.11974,120.008,16215.527083300001,1.9
35.12657,120.0255,16215.55,1.9
35.129,120.0339,16215.5590278,2.1
35.133790000000005,120.0452,16215.5722222,1.9
35.1359,120.0484,16215.576388899999,2.0
35.13726,120.0505,16215.579861100001,2.2
35.146679999999996,120.0577,16215.59375,2.0
35.16689,120.0604,16215.620833300001,1.9
35.17216,120.0586,16215.6270833,1.8
35.17522,120.057,16215.6319444,2.1
35.17396,120.0582,16215.65,0.9
35.17372,120.0585,16215.6541667,0.1
35.16148,120.0828,16215.6694444,7.0
35.15364,120.1012,16215.6756944,6.4
35.1509,120.0983,16215.6791667,3.9
35.14959,120.0944,16215.6826389,2.3
35.14898,120.0913,16215.6847222,2.5
35.14703,120.0814,16215.69375,2.4
35.14585,120.0767,16215.697916699999,2.2
35.14523,120.0743,16215.7,2.4
35.1446,120.072,16215.7027778,2.6
35.14123,120.0586,16215.714583300001,2.4
35.14053,120.0546,16215.7180556,2.2
35.13978,120.0515,16215.7208333,2.4
35.13851,120.0477,16215.724305599999,2.4
35.13745,120.0447,16215.7270833,2.3
35.13756,120.0449,16215.7416667,0.7
35.12726,120.0294,16215.7743056,2.4
35.12229,120.0208,16215.7833333,2.1
35.11997,120.0169,16215.7875,2.4
35.1188,120.015,16215.7923611,2.2
35.114959999999996,120.0119,16215.8090278,3.0
35.10954,120.0071,16215.8173611,2.3
35.10565,120.0051,16215.8222222,2.2
35.103120000000004,120.0033,16215.8256944,2.5
35.102340000000005,120.0144,16215.9347222,6.8
35.109559999999995,120.0175,16215.9375,4.3
35.11188,120.0326,16215.9715278,0.1
35.11179,120.0327,16215.9881944,0.1
35.11187,120.0327,16216.017361100001,0.4
35.11197,120.0326,16216.0472222,0.4
35.11202,120.0326,16216.0638889,0.2
35.112320000000004,120.0322,16216.13125,0.3
35.11234,120.0321,16216.165277799999,0.1
35.11235,120.0322,16216.1680556,0.5
35.11193,120.0309,16216.1972222,0.4
35.11158,120.0307,16216.2270833,0.5
35.1055,119.9839,16216.3027778,5.9
35.09967,119.9616,16216.3451389,0.1
35.08744,120.0248,16217.5215278,5.2
35.08558,120.0179,16217.5243056,6.2
35.07479,119.9596,16218.5576389,2.3
35.08038,119.9723,16218.5694444,2.3
35.08471,119.9809,16218.5791667,2.1
35.08709,119.9854,16218.5840278,2.1
35.0932,119.9951,16218.5951389,2.2
35.0956,119.9986,16218.599305599999,2.3
35.1004,120.0054,16218.607638899999,2.1
35.1049,120.0115,16218.615972200001,2.2
35.111129999999996,120.0202,16218.6333333,1.2
35.11445,120.0231,16218.642361100001,1.5
35.11145,120.0302,16218.645833300001,7.1
35.09035,120.0499,16218.6555556,7.0
35.08341,120.0574,16218.6597222,2.3
35.08692,120.0556,16218.6625,2.4
35.09253,120.0557,16218.66875,2.0
35.09617,120.0561,16218.6729167,2.0
35.10335,120.0558,16218.68125,2.2
35.12786,120.0518,16218.7118056,2.1
35.106,120.0463,16218.7611111,6.7
35.09656,120.0468,16218.7652778,6.9
35.08945,120.0274,16218.79375,2.5
35.08959,120.0205,16218.7993056,2.4
35.08944,120.0153,16218.803472200001,2.7
35.08967,120.0092,16218.808333300001,2.3
35.08965,120.0032,16218.8131944,2.5
35.089690000000004,120.0007,16218.8152778,2.4
35.08886,119.9788,16218.8340278,2.4
35.08719,119.9666,16218.8444444,2.5
35.07958,119.9401,16218.86875,2.2
35.08296,119.9287,16218.8930556,5.8
35.09132,119.9263,16218.8965278,6.2
35.103359999999995,119.9239,16218.902083300001,6.1
35.14213,119.9157,16219.005555599999,0.1
35.10017,119.9855,16219.5375,2.5
35.10542,120.0021,16219.5527778,2.3
35.10675,120.0057,16219.55625,2.6
35.10872,120.0108,16219.5611111,2.1
35.113490000000006,120.0178,16219.5701389,2.0
35.11568,120.0208,16219.5736111,2.2
35.10038,120.0198,16219.6020833,5.7
35.09303,120.0116,16219.6069444,4.8
35.09102,120.0037,16219.6576389,2.2
35.10022,120.01,16219.6694444,2.6
35.105090000000004,120.0129,16219.6756944,1.8
35.11099,120.0163,16219.683333300001,2.0
35.116479999999996,120.0191,16219.6902778,2.2
35.120329999999996,120.0208,16219.6958333,1.7
35.124,120.0275,16219.724305599999,6.5
35.11588,120.0313,16219.727777799999,5.6
35.09198,120.0305,16219.7381944,2.3
35.10049,120.0144,16219.754166699999,2.3
35.1089,119.9981,16219.7715278,2.3
35.1122,119.9888,16219.7805556,2.3
35.11329,119.9827,16219.786805599999,2.2
35.11395,119.9754,16219.7923611,2.2
35.1139,119.96799999999999,16219.7993056,2.6
35.11339,119.9624,16219.803472200001,2.5
35.11353,119.9561,16219.8097222,2.7
35.11319,119.9528,16219.8125,2.6
35.113,119.9485,16219.8159722,2.5
35.11253,119.9401,16219.822916699999,2.4
35.11042,119.9273,16219.8423611,2.4
35.12003,119.9522,16219.8597222,5.5
35.12445,119.9758,16219.86875,3.8
35.119409999999995,119.9716,16219.8729167,2.9
35.117909999999995,119.9697,16219.875,2.9
35.105259999999994,119.9559,16219.892361100001,2.1
35.10373,119.9543,16219.8944444,2.4
35.10177,119.9521,16219.897222200001,2.0
35.09899,119.9489,16219.9013889,2.5
35.09407,119.9431,16219.9090278,2.2
35.0923,119.9411,16219.911805599999,1.8
35.08596,119.9342,16219.9222222,2.1
35.0804,119.9287,16219.941666699999,2.6
35.101690000000005,119.9054,16219.9798611,7.0
35.12811,119.9025,16219.989583300001,6.5
35.142990000000005,119.9111,16220.017361100001,1.9
35.14243,119.915,16220.04375,0.4
35.14258,119.915,16220.115972200001,0.4
35.143029999999996,119.9143,16220.1659722,0.4
35.144090000000006,119.9213,16220.4034722,6.8
35.143809999999995,119.9282,16220.40625,6.5
35.14001,119.9459,16220.411805599999,6.9
35.13807,119.9523,16220.4138889,6.7
35.12966,119.9871,16220.425,5.8
35.12324,119.9843,16220.43125,2.4
35.12053,119.9814,16220.4354167,2.2
35.07545,119.9692,16220.5277778,6.6
35.0776,119.9515,16220.5333333,6.5
35.07963,119.9337,16220.5388889,7.0
35.082229999999996,119.9332,16220.54375,2.5
35.08382,119.9394,16220.5493056,2.1
35.084109999999995,119.9418,16220.5513889,2.5
35.09451,119.96600000000001,16220.5770833,2.3
35.09814,119.9766,16220.5875,2.3
35.1027,119.9885,16220.599305599999,1.8
35.1073,119.9986,16220.6097222,2.3
35.109559999999995,120.0032,16220.614583300001,2.3
35.111670000000004,120.007,16220.61875,2.4
35.116209999999995,120.0136,16220.6402778,6.2
35.1114,120.0025,16220.6451389,6.0
35.10764,119.9957,16220.6479167,6.1
35.10541,119.988,16220.650694400001,6.1
35.091,119.9677,16220.6597222,6.2
35.10445,119.9782,16220.6763889,2.3
35.10605,119.9794,16220.678472200001,2.3
35.11173,119.9841,16220.6868056,2.0
35.129490000000004,119.9977,16220.7111111,2.0
35.14439,119.9997,16220.729166699999,2.0
35.15365,119.9985,16220.739583300001,2.0
35.16367,119.9973,16220.7520833,2.1
35.1667,119.9958,16220.7631944,1.2
35.16921,119.9841,16220.7777778,7.5
35.16915,119.9687,16220.7819444,7.5
35.1742,119.9119,16220.7972222,7.9
35.176629999999996,119.8618,16220.8104167,7.8
35.17729,119.8509,16220.8131944,7.8
35.176359999999995,119.8372,16220.8173611,8.0
35.17615,119.8177,16220.8222222,8.2
35.17645,119.7841,16220.8305556,8.2
35.17626,119.7358,16220.8423611,8.2
35.174620000000004,119.713,16220.847916699999,8.4
35.17181,119.6555,16220.8618056,8.7
35.16903,119.6236,16220.869444400001,7.9
35.16675,119.6003,16220.8756944,8.6
35.165690000000005,119.5571,16220.885416699999,8.5
35.16277,119.4987,16220.900694400001,8.5
35.13684,119.4039,16220.9256944,7.6
35.13199,119.3792,16220.933333300001,7.2
35.136390000000006,119.3758,16220.9361111,2.8
35.13828,119.3759,16220.9381944,0.4
35.13831,119.3766,16220.9659722,0.0
